0.9524997610890691
0.6093098812131768
0.5755697734169117
0.5634556226283906
0.5522528848800051
0.5420644007435199
0.5316873704928009
0.523016372643619
0.5130705379869833
0.49925446233268117
0.48750539228894
0.4730376817711479
0.45881199223270136
0.4445433637614586
0.43156397318935014
0.41896890774666073
0.4001623627990682
0.38293463150026946
0.36811577165585907
0.3516739491684978
0.33819907313957315
0.32264101655676386
0.309111137393303
0.2965812963714321
0.2841183816887943
0.2708542443722843
0.259136538185763
0.24667912581131596
0.2368274143096777
0.22972913804757167
0.21681142749776877
0.2097329341399559
0.20205022264049347
0.18874126870635338
0.18523529701300984
0.1798124101215783
0.16820511992669518
0.16382285655732173
0.15917829345976056
0.14960916782636566
0.14492235441567256
0.14189675917346797
0.1374403782891404
0.13057988298287587
0.12817214853853817
0.12265547282825587
0.11906010485384094
0.1161488824849268
0.11746982921404668
0.11259916334711065
0.10949279630128764
0.10807562608563726
0.1031861667574481
0.10017326951106073
0.09837888107000595
0.09483855887554873
0.09282332978855724
0.09007713914531003
0.09063013277423493
0.09094129844134548
0.0877747797217977
0.08397542923728467
0.08568076445049498
0.08498150661864762
0.08139388057914071
0.07814435071125132
0.07691773541697151
0.07822848726336067
0.07730278782892828
0.0727706238538383
0.07130695156664013
0.07058280477347285
0.07133786366438644
0.07092107115078415
0.07052987282613359
0.06814508212811918
0.06962550059455641
0.06599951511221737
0.06598839712431864
0.06412975657805503
0.06332447199252339
0.05959727797672093
0.0656920616103121
0.06319179812849439
0.06122411548062308
0.059312770397935415
0.05718707898322488
0.0604634737103663
0.06013185790137624
0.06108662624599766
0.05813726873828437
0.05773663526749706
0.0570735332777459
0.055041365909228125
0.05540287005869674
0.052356719525449305
0.053516021512874254
0.054475406118004444
0.0514348807360032
0.05331038257693389
0.054124213802129784
0.05420070335981381
0.0522283047739451
0.052532851332390454
0.05129996729225593
0.04752275522100736
0.048683957462687576
0.048701053749952976
0.04731915453337578
0.048534538633973
0.04660895028971581
0.045676851036598486
0.04704544759030203
0.04591534249385594
0.046697754519255674
0.04642267692166258
0.045888248576249575
0.04710651213083055
0.04652968327827742
0.043802595372060694
0.045228107610982095
0.04234795538760514
0.042134371626958905
0.041117563734887286
0.04386833375431152
0.04567775706875609
0.04382747684816915
0.042695752205265315
0.042442752031057795
0.04365156868480116
0.03989962685808718
0.04078560656463483
0.0405326847996251
0.04303036218046509
0.040417205077283094
0.0397475246107515
0.03846799618110634
0.04038293873161513
0.03974362646797264
0.04019743729516329
0.04060172153560131
0.037787729703572644
0.03648565644039655
0.03975591890187377
0.03911321926342538
0.03814962304198489
0.035318707451125385
0.036766622919257815
0.03685369881817386
0.040765388108107196
