796739995f98411882bfbaac3cddd94c,0,0,0
bb57315989644a29b975578c62418ae6,0,0,0
908e7106a3134106891c61403be6a98f,0,0,0
f5364dc1b13c46ea82dd033fb3851a9c,0,0,0
a7f67dfb9d2f42b1848f720c2b5dd61f,0,0,0
f320ae084f3a447da3e8ab11dd5f9320,0,0,0
7ef2af7db85e4b9b9f0966a8d9ca6d4e,0,0,0
bde9d007c0264d27bbbe59475236ad5a,0,0,0
82e87518cce24266af50240b357806f1,0,0,0
99f419c6432b4c11bef52311847a853f,0,0,0
273092f839e945ebb0a38823cc0b9e81,0,0,0
eeb74316fddf401eb4a0e26c92eb57b1,0,0,0
dbd9921508954d3a88cc88944d4cf091,0,0,0
ce5a75d3715b49c5b6fe193235e52c27,0,0,0
cd75880d832a4346b5c1f2210d3e63d4,0,0,0
b14bd17250a6443db96a38a601eebe54,0,0,0
68aafa779b9c41eca16156cfddcedd2b,0,0,0
f0d0046c32e54177a73c9d6d1f0fa2d4,0,0,0
e685b29863794f00b09c23e1536412d8,0,0,0
cf2b9a1b54b4482ea008424777fc06e3,0,0,0
b48f150202734a7ea60102e1d22d216e,0,0,0
df10888f245141528ff4fe52832caae8,0,0,0
8d7d690182ad4ad2b898b8b221cbaf36,0,0,0
9b923978bbef4770bb4d1a9f005379fe,0,0,0
c440c5fddc8d45ff98a317a62253037a,0,0,0
8f1b7146c37b4be695c551407371ef2e,0,0,0
25a7293a04c34149a3219a5a8c226aea,0,0,0
67a27df8992e4e3ba4c52afabbe2da44,0,0,0
fa1e045efce4481f9b398c97366a5dcc,0,0,0
077a5ba3bfd04fd4a361ac8fb0d70e6f,0,0,0
ea374bef649549d8a12bb06d67ed206e,0,0,0
d142b55fe4fb4e1cb26608085d729ac2,0,0,0
ef91d333c30844feaf45b7cc7bbc3151,0,0,0
7f100ff538a04cc281b32918d1adcdca,0,0,0
5ec5dd4b73a34fdab5735118235801a2,0,0,0
8754961f64d2445db65e564f04b60f13,0,0,0
b3d99fcc905d49f6b7e2aa03ecb1faf3,0,0,0
a21af20f9314479bb290c0665de407a5,0,0,0
bf10ccfbb089402d9f3e606803dadb0d,0,0,0
1c1c972d7eac4a869026d34275814486,0,0,0
180ce7bb2eea47c39b8b1ebd12c1691b,0,0,0
3f9667c2794b467cad8075b6f5351edb,0,0,0
11a9a4971167411da33f888ccfe64f36,0,0,0
652f16c963b442178288cefb6da6b922,0,0,0
4d01f92d53604a1cbbdbf728c3d81512,0,0,0
0980010e063a4bbbaa8b46137c0c0f24,0,0,0
74ec0b19076c4129b8b9ee0ae93de41c,0,0,0
ff08d99c0c494496ac2b6cdecf87a60e,0,0,0
254b8a3e80634d48b0290577d5289328,0,0,0
9251bb6c9c8c4999a2614174bf7c28e0,0,0,0
ff54834410a042ada60a3cdad16af838,0,0,0
da7ce72d0ca2404ebcfee314ca8d2e2b,0,0,0
759672c65fcc4a1ab1e1552fe60c0304,0,0,0
5aa05f3ff46248e39050dba3e7d8603c,0,0,0
636f342993354af99714f2f5881138c1,0,0,0
99555293243c426dbe17f8ad8ebdca6c,0,0,0
d2dbbc746ddd4834aed244263d559c84,0,0,0
7976fb70011347e5a5af3e901ca77f33,0,0,0
8808b20fbd4f4791a13aae0ca4c28b7d,0,0,0
2f81a3bc30e94877a909e892a643d6e2,0,0,0
e62661ec94d04adda7fee9a81d429d2b,0,0,0
e8ae2f7717b54c6db61309f31505ebe5,0,0,0
f192ea07f69a47939aff3027b87529a5,0,0,0
9e79806bc43542e6952ff8e6b2c228aa,0,0,0
cb31373721aa4ad4bd86117b3a69cbf2,0,0,0
f563482afc024976b2b4db79b2d000b2,0,0,0
b20b8926f5c04afb8ae37b14cfc1fee8,0,0,0
6d97e8fa98a24eb5b8b9bf01f940d323,0,0,0
7504e98760f046d7a8f1b179dc85d93a,0,0,0
df14f9089a6646f0bbf5054e18fb8951,0,0,0
cbeb5dc491894f6184c81247bc0cc4d3,0,0,0
b3dd183fa96f45958ed0f3efc196aedd,0,0,0
678a1863c78745f282c8357445739ebb,0,0,0
285d75a939494d1db4a0f5b77e41657a,0,0,0
89823acf402a4ad8b960c04db769360e,0,0,0
3633beb5358b4fcdb4574b089edc5c64,0,0,0
6f74aff5213145d989f9a30bcd69a978,0,0,0
a5127bf6b13e4f489e8507c33bc6a839,0,0,0
3ded1ca6a89d4411b00b035fc989b653,0,0,0
c53934a9642942ae9b8d9766ee1e51ac,0,0,0
b0a6cf6e9b9043248ed1c1ed8db08436,0,0,0
71e319685a2b4acca9fe0697215daba8,0,0,0
9aa641ad8268410ab98f7941baf2391d,0,0,0
e5b38cd09f4549659f0524b7659699d8,0,0,0
3077e2bb07d8497bb5e86ff17e4a9ef8,0,0,0
6bd070dd165942438e43b4294652094e,0,0,0
916b9f83351f450c8b9592d726309370,0,0,0
55d30e28790d4bfc8d8884a931b7b8e2,0,0,0
c88d4dd38b5244a2a94b77c5d5d350d0,0,0,0
d51c0a52ec2b4fc1aa5b191dfda16ee4,0,0,0
833507c5a6014ba98bcaad8889de3ee4,0,0,0
a8311575bf3d485a81af8350aa25bddb,0,0,0
235d08ff9f3f40ce9fa9e97696265dda,0,0,0
76e1ef125ea2458c9bb8b7b77a49ad97,0,0,0
998dfb266ae84564b136c862fae09dd5,0,0,0
93f40815cce845edad7698c78d3e1d17,0,0,0
c644381db1ea4bdb9829a184f9550eac,0,0,0
620b7b8600ef44a88bbafff85ef225d1,0,0,0
163c1304d26447048a36097880e0a0b8,0,0,0
92215ae101f044deb4be8720be61a6bc,0,0,0
12d3c6f407924f40a312abb4c0161e01,0,0,0
776abb57972e472cb63e25d53e287d1a,0,0,0
511f5f966b5347ee8245e818d13fccf8,0,0,0
2fe29f33df5d4895a503aa84ad1ad88b,0,0,0
dd1ed8e5c888446a9c00ecc18c151311,0,0,0
cc1308efa8a040178c1748d13488e9c4,0,0,0
9ca63ce0121743f39468bea7bdc170a6,0,0,0
a17b80e0e3d04c6a901df849fb70c914,0,0,0
5b01ffae96874e60a9decd1fbac7e4ee,0,0,0
710c0047bbb847799a8ab7f1d64bc4c7,0,0,0
2b4e25f552e9419c92a44e459d670ee9,0,0,0
196591a5c1484ec7ac682a1bedd9d09b,0,0,0
29869aadaa614e5fa1a74873ad03df57,0,0,0
af1005e4b2804e39a69f978548aa5ad1,0,0,0
