ac32217f29704340bf467f51b7f15786,0,0,0
5965958b0a55454d88d45f21d97bc3fc,0,0,0
2b4c37304fd54440a3d1e7fd223e26d5,0,0,0
d89bee33427d45a5bd0cd5e1b4f8dd34,0,0,0
9f7f95239ff04f7581f1cf9a4b5a9eaf,0,0,0
9d10a60eac3346f085b0df039ab14d17,0,0,0
38a021bef7634782b42c0583f84c6b8e,0,0,0
9b3beab962d040428acc300ff7a9326f,0,0,0
949a6c58781d4e80bff19ca32493efcd,0,0,0
267636f4842a422ba13275cb995ca9f5,0,0,0
5a098aafebe3461598467d485e026fef,0,0,0
51328414aea04771890766f436b40021,0,0,0
da041807b0184761af4e74df5006b95e,0,0,0
31e5d09d5fc546ae8407061cf99de20f,0,0,0
cbeb8dcdebb34b1daf46a8aa1983139e,0,0,0
32c98b5cfe804dd185a8cb6ecb91a63f,0,0,0
0d93e79881144102ac1ea0bc29b00e37,0,0,0
f5cf1375de4d46b38328dda8ebcd6ce0,0,0,0
3c0f16214b6042aba12ad974fc5dd6f6,0,0,0
ae0a116c370141909e0ca2bfeeeb323c,0,0,0
a885c9f037fe45cfbf053e98e4e3d205,0,0,0
f5df82be55df4d13af8d03695bad0163,0,0,0
0907c60c53f7431aaedabbf388069a7f,0,0,0
e850bf9ddf434263bdce31b4029c5a97,0,0,0
e4753c26daf64c8492bb3fad5d959fb3,0,0,0
63333423642f49caac4871521e93cc45,0,0,0
91afeb3c3c214d2da1205dd505bf976b,0,0,0
38478098d7cd42cb9623326d2696a65d,0,0,0
61ff336a2ec442268785b388864ea348,0,0,0
c3a25551d0e74186ab736e502f621f9e,0,0,0
1316450be64b472c9f84f6f71a991757,0,0,0
444a5cc79a15455d96cfd41bc1f67e57,0,0,0
fdea111fb87245c1bd4fb377b2619c5b,0,0,0
164618f724c64b43934cb95b11c89593,0,0,0
ebb3e7ba8ccb4ff7b4fecb33cddfdd03,0,0,0
333115d876ef49909460d9c3e1a4e0e9,0,0,0
b618cd7f70bd430a9af0e0770738cb41,0,0,0
2709f0b41bf14286b7f7c3a40b91d921,0,0,0
860f7e4e9a944bbd856dfcc5f2d1ad2b,0,0,0
b03eb3aa3b6e4c5abb5e78830372ff89,0,0,0
2041c6faf91240e48969695c474dfbf2,0,0,0
76dc52af56e842c5b53f25d93e938299,0,0,0
7720ca137cc7414bae45ad8e534c4dd0,0,0,0
2f20259787124d7e8a85408cd5767c65,0,0,0
448d573c3160494c8715d3e7314f4afb,0,0,0
bd01fe5cdc7f4d7580134b2a3ffd08a8,0,0,0
8310b328af0a4096be09f78e30f2c53e,0,0,0
9ccf363f5cee403b91fd038d8e3a78dc,0,0,0
0fc522280a134941bf49510757261f48,0,0,0
d9b5196ff58c494d8bebdeb3b6ccd061,0,0,0
f4032225a0c6462ba02f728d031c2638,0,0,0
009755fbde8e43fe90b7d2721398dcec,0,0,0
a9366b89465a49028782a840a165a7e8,0,0,0
96facd619dc5415b836948e39487ebb2,0,0,0
d3e02cae7b9747529a760845ab75a688,0,0,0
3b0c7d0596fd45b69261b73e6b669d7c,0,0,0
1527831f765e40c1b5210e52248427f7,0,0,0
cf33698ad71e4ff48d7ff42e35e3fd83,0,0,0
4fca698177d14f40a2008174193dcfb5,0,0,0
e3beaf62164442018d421c9825039736,0,0,0
a358b83b1c6f4ee3bbabb66ac93be11b,0,0,0
4a3c031b6787433fb02da9d40a359c68,0,0,0
be1a38f2bec74de79395d0a938234d38,0,0,0
c4b53f73a3734bc7a5b51747e5d1d5f7,0,0,0
3d10b31a0dcc44148941f3906c54d30b,0,0,0
7025038ba12d4a63a40c866489226fbe,0,0,0
2fe0588ff36143689cd41119cd7c785d,0,0,0
f2c4c4feb71e4a2498a35dcef01aca5d,0,0,0
6576c9319a91404ea9653091b86b93bd,0,0,0
33ff25e81c9b4834a37b1bb799c4b26f,0,0,0
ce06069f651f49d19d05fde4a7e231b5,0,0,0
e58daa54fe36484984da0fc3e209ee39,0,0,0
3de5de73b782437291628651d994bfcf,0,0,0
e3eeb7b8deed4a2fa0000daec3538b75,0,0,0
1416ceed767d46a9beba0aede50504ed,0,0,0
2dae060398e8498d8e8f6f319bdf8b40,0,0,0
852eef595f4b4977b93b6a9019099932,0,0,0
0891f9ad46d741a4844ff53e8623aec3,0,0,0
c69e398f10eb40938d19c2c736b0c084,0,0,0
