4f4bb16ea1724ba9b485e6068aececbd,0,0,0
341c0a06232b474aad9741a7fa2b4fb5,0,0,0
1cfc72adb12449a9868841c3d4b11b28,0,0,0
3ddd59f85e8a46c5a47518ec06945482,0,0,0
dd0fda62dc354e1b8fba87b27331dd42,0,0,0
f51948f5b87546778b9800960f09f87b,0,0,0
3e35871a75e542e7ae042682b6e9faed,0,0,0
7e0dd286a2a44ddfbde737b76c7712e3,0,0,0
8d4b6c6b93934835a39c391d39f5a537,0,0,0
ebc35555da54465f921931ded8b25b74,0,0,0
de47485fa25e4317855b637288ceb360,0,0,0
f17f8bd3e6ae429a8b364f2eaa05dc22,0,0,0
1e0ffe586fbe46fca8c3afb02fb5dc31,0,0,0
fbdfa01b328c4ac0b3f237a32742ffcb,0,0,0
3e29513cf8d44bb297822fe253a9e207,0,0,0
cdb10f20690943c9bc4af7602fec2914,0,0,0
11771070df694ccd86cc7f338f933a2f,0,0,0
62b294de448d4354b7bb7a4035e94a39,0,0,0
b14156253d544c129d46aa3685906e92,0,0,0
7b43c6e2ffed41b587e89476a7cc3b4f,0,0,0
045640780a2246948b2974cf135141e4,0,0,0
ea963a87b9c949989a4dff26f62a4055,0,0,0
a0619f966ab24f17a621ed9fbaad7a2b,0,0,0
ef9ea6ae23d346a2a4e33b228a30b6ec,0,0,0
d29b3a4d37c84ddc86a51909a8018bf1,0,0,0
7d0475483f584d6bbe42f436353df7fa,0,0,0
e8c287e625ed4c5eb28e1a3f0f47fef3,0,0,0
b40992d3195a4191a530c0253bfb42df,0,0,0
377abab23e7f4e7f8f357496577ea5e8,0,0,0
256dc665735e449390f270c7a458f043,0,0,0
d27baa90a51345e6b2f2c72588dd29a8,0,0,0
07711134346f4b9ba59ab031845bfca8,0,0,0
c1899390d19d453683d3c2bf87d2547d,0,0,0
dca0d855b19a4504b86657af08e26a37,0,0,0
79d225e6f4d146d6bed5402e5a528097,0,0,0
2774c33eec764608afb613f801a1973d,0,0,0
078205ae85ea491bbd006c4d075a0285,0,0,0
eeef7235c2fe462eb3e0481b001537ce,0,0,0
538b99ca9c594c31b8b0edb447c74be0,0,0,0
e443be34c350421faddb2810fcd3f392,0,0,0
d7aa90c193cc461481824c1bbada51b8,0,0,0
d244cf3fbc4242b39f301d275ccdd252,0,0,0
f033e7084d8b45fd8ef49897e9642639,0,0,0
1a7b5b3fa47348829f7653ebea21d48d,0,0,0
723ec7a1e63d44039afd867479c572d2,0,0,0
a0edf6ad6128405faab0b5896d59ee72,0,0,0
c2afd30f822f4596ad244675bda175ba,0,0,0
dc3f0346c4a14ce4acd3d6dfc983c07a,0,0,0
b38e9e97724e46d2b6f32df47079052d,0,0,0
bbd00fa328db45e19a55bef3b3cb4b23,0,0,0
30ac7a9f6c8d4bc4b27b7b2782f2eb99,0,0,0
a1ed10f369004bec91ce33e72e8de450,0,0,0
85e8f411e52943a9b6690d4fa54dd376,0,0,0
548ffa08a6484f399e6e7a15cddd4fc8,0,0,0
74fab598f7d94d878f9d6fbe6a6e8eff,0,0,0
3c835d3fe5b0448e86389930ab0c3e97,0,0,0
abd98f7699f6400fb5ad90d01eaaa730,0,0,0
4348fadcd604455aa9a69c3a277a5dbc,0,0,0
d7de5fc133ad438788760113648be105,0,0,0
9bee0f9fbe1b4ea2b7913f4cf71e195b,0,0,0
15224ab8675346808c6cb06f06fcaddf,0,0,0
b539d88c74c9401996c192678c306205,0,0,0
461bef2f5f8e4776bb8c85c66a058e94,0,0,0
254f98bd6daa4313b04715ed29a61f88,0,0,0
64ab530c61b04808a7ba2f9b6f52be66,0,0,0
c8c384520f0d46b19b905e75d9bc9137,0,0,0
22c417a274ed4266860c7f8e6e4abf5c,0,0,0
53d5545be8da41c394234714e5667a7c,0,0,0
ebd02fb69bcf45fdb230e77d2b514118,0,0,0
fcef5f3fb0a5446794d0d9075ff973cd,0,0,0
711209e9b0b844798d704ba66b893b82,0,0,0
d9b61174f44a453c95bcf1fd8dffcc7c,0,0,0
c0f278be26a44d46abe9d00341125de0,0,0,0
154ea5d58be84c17b839e2e822a25ecf,0,0,0
3e444f7e02f0432186d40a92ad176834,0,0,0
23a7e6ebbcee41f7986a41ee67a17732,0,0,0
fd3540dab8a04b848ffab8099a00a242,0,0,0
28f9de44b7ef4d46a8785e1989204a61,0,0,0
c7b8d353fead4ab2a121873553abe024,0,0,0
73046e428f1d493e9fc56af5431a10e1,0,0,0
f092eb79a56c4f8684a0093023bccb51,0,0,0
6f9eb2058c134830b45d010c01de8e96,0,0,0
d4598f7553d14d779b8953865a6317c4,0,0,0
06c43392eb4f41949c7bdfa6e46b984b,0,0,0
21a3b1b76e8649699ad9a1a0aa831522,0,0,0
5cf95fa95db44586bfa0321d24c2e39f,0,0,0
4cadb45abc024818b5f53d036ea75a01,0,0,0
0d493d8230c74476b0e9814c92c3f8fd,0,0,0
f3633ff93f2347af805d3ed6c66d557f,0,0,0
623c2461e5c14b11832f8211a1d9ce74,0,0,0
7d0855f289224c24b83f2b19b15c1d6d,0,0,0
3c34ee3ecea342c4b552c7eb5b4ee762,0,0,0
986237656d2a44dca7e1fdc2532ead65,0,0,0
e7de22de67d9433a94b852d675b732e1,0,0,0
08f71a803bef457296d0bfd96bf62828,0,0,0
9f32d4fbf0274eb4b2ba21fd177319bd,0,0,0
80a66a290031459b8d96a077ee2cbf4f,0,0,0
143533f78ff64e93b911ec7868911688,0,0,0
892384f1c7bb45fa8c24eb2fa583ebb4,0,0,0
5b24df95cc89452dae1f6496b38c2c44,0,0,0
5f7f93061a6c48a896a3397a94c406f4,0,0,0
222e91cc7b8c4745aea56c0dc9f0394b,0,0,0
d70562eaa1a143048948fd57fd695b27,0,0,0
67fa602e22844ffeb2125d8f43dcd6f5,0,0,0
914a807d4fee4976bd12848cb3066a09,0,0,0
37dcbd53df14415eb983193af23f02de,0,0,0
e715ff3698054d8c8eee7a2275133727,0,0,0
7b4ab60d14a345dd913de4b54796f145,0,0,0
7b4d19b2bf834dd58f4d52e13df8b226,0,0,0
4eb35933c6194c85b9b84bf6b6b72abc,0,0,0
237606bed97740599e39b32ac6316fe8,0,0,0
3545e9acb90b495093b4177fccf84ad2,0,0,0
8fec18cc13fa4621b586ce433d21f312,0,0,0
2bac7896b07c4a34899bc11f633756eb,0,0,0
a1c400380c84495a8cdcb461552b3791,0,0,0
ce85efaccdd5457b8272bd435985deb7,0,0,0
e55ee6d24098468c9c28e659b5f9511e,0,0,0
2067f05c08684509a550a1188522e869,0,0,0
6ba922d56f704ff582ba055ed5557a48,0,0,0
2eb93a40209146b297e1645227ee7718,0,0,0
7f09e26992af4f6f90f0099a33c1d3de,0,0,0
47093b6a40134ce3be1099a41d89c432,0,0,0
43e39b3384d440058fdc78aa46df26ec,0,0,0
88e3d2ed1ec743f5b74d976d54b602f2,0,0,0
374717109e694925a7b754bf2bbf971e,0,0,0
415e580b07194f469491203548891d84,0,0,0
fadec661af804e4e9247830ba00e6dd8,0,0,0
33ba7fa4614a41aa8762bd656e48f448,0,0,0
121b432a4b374b57b1590408240c7544,0,0,0
516de75479ca4af280aefabcdf16fbc6,0,0,0
4030e7eabec4428ca50db88d70d0bdc5,0,0,0
bca4055ea2344345bf4fad7e3d760b5b,0,0,0
6c793a6f78614f7c9be480df4dded7b2,0,0,0
bf2646550657406bbd4374c537c98b62,0,0,0
998c18e96a9543a197eb02951d66f66d,0,0,0
738a1bc090a64f9b9d043f3bf3f64f29,0,0,0
fe2cc62ddfea426ebd9b8d0a364effe5,0,0,0
888920803e94405ab5b9c69a3efea401,0,0,0
3d8a7ef8ace848de93dadc773b2d436d,0,0,0
58cdef27c7d74befb1a6c8048a182ee6,0,0,0
4c328fadee7746aaa3bc81984c4bce68,0,0,0
9078ebf7fb2f48c3a4f693158a1e624b,0,0,0
0e44c51fc1b947e0a44963d83f2ab6f1,0,0,0
80c3608e1135403bbdd55711a0415929,0,0,0
86d4b0bdb2304121aafe821042262f27,0,0,0
9165d51dbd704434b480f1873d42d378,0,0,0
4cc5a83b4e2d4cfbacbab1bdca3565b3,0,0,0
4419781ffd67473c8192a0418fc4f7de,0,0,0
ff09f08326554da4b711c142a4762959,0,0,0
36b59eda057e497db7aeb4b4239d8f0d,0,0,0
a55d6a5396314e8c97410bf372ad6e8a,0,0,0
ad6fc7b245c54f48bed94455a447ed55,0,0,0
a608fb02c2f64823881ee9e88774abe8,0,0,0
494d1e9dd7d24db78ecbf6b455ac7817,0,0,0
9c660edca14146249746ee93e9172d8c,0,0,0
f2bad4dbecda444eab1d7353498ecbe1,0,0,0
040e38c4060149998fd950fffa79e88a,0,0,0
7c306bc08109458da00158fcc8fccb10,0,0,0
3c06ad3810dc4078a111201589abf5e1,0,0,0
d1fc46abf6f1466dab2f032848767753,0,0,0
edd40a635b084a9484bf1c82a5681915,0,0,0
43e7f893153d4676a747d53ba5e8b9b7,0,0,0
fe4ce1f31e824bdaaa759efccc93734a,0,0,0
f0e3b1acbd394e91abc62db12910696a,0,0,0
26540949b4be405991b7251196459216,0,0,0
f83dad8276764532adbba8d422701114,0,0,0
235d5b7936f140b496c317ed1ffc0fbb,0,0,0
544226aae27a4960aa536658fcc7d51e,0,0,0
a2261998add4480690eef647414334a4,0,0,0
be9b5f5752cb455f8a5bdfec6f8fa685,0,0,0
aaa698435aea48b29113314ee362e54b,0,0,0
526a93ce08174b79a92a284eeea7cbb7,0,0,0
1f62887b128e4ca1a3d3baed3c2ca8f3,0,0,0
c300a56ed4f04a91ab369f7823302ba5,0,0,0
d99257204fff475ab4fb92677ac86dff,0,0,0
943dfb563a094c0996354573f30b8ba3,0,0,0
0071597aa35c49e093a1dd95810f1b13,0,0,0
ee1ee5c58d2841dc967ecc731b687dae,0,0,0
259d382e92ce4a10bbc8e7d713b4b5ca,0,0,0
16a3ffd3d2ee4ce0921004f9872428cd,0,0,0
2612f8c6f7de4ebd98fb388af629cbff,0,0,0
ac7dada90385448a8e7d69f76022cf5b,0,0,0
86746af81a6d40be9393a8ed6810598a,0,0,0
e9f39c96b024481bafcf127b199f773d,0,0,0
7d2f7a16c7cf4d548cde979dd815b018,0,0,0
1cd3d12fe013476fbb2fbcb7af9d5104,0,0,0
cbc67dde97724e1aa8db3625f927e04b,0,0,0
c3519316668348afa9fd4d5b21969187,0,0,0
72a0ec16147842c88777902fa644204a,0,0,0
2665dbb7fe3e4f33811e687cc4054393,0,0,0
fef0fea795a8402a96ce72fda02a04bd,0,0,0
e8cc714adfb048a2b197a64c1ee17bbd,0,0,0
f860f1784db44d08ba6976fa3a0b40c7,0,0,0
39f36a10c5de43248adf7c8009b269eb,0,0,0
f3d73eb0331747759aa1be984ac3d545,0,0,0
f55472bf558e4bc68b4f011550bf720c,0,0,0
0161d2ef9de54cc5b715efb1e9c8958e,0,0,0
a33fef0686ff4159a3037752ec1e39e5,0,0,0
98804cca56e74b79beaa60b29db2e6c1,0,0,0
396e652c230e4a1b898136718897df94,0,0,0
caaa7cebbc75479e984d4c38550f4be1,0,0,0
bf5a4ef7fa724350a106b57bed7473eb,0,0,0
2e89bb2f07694cb887f1b58c250a6600,0,0,0
63bdd047eed84ae981f411b9933a7600,0,0,0
4c17b89b2e6842afb8af4859fac39ef1,0,0,0
9985e3e45a384a5a95ed00db6097210e,0,0,0
ad5ce2ccac0f476ca5641ddade3e360e,0,0,0
c0086b5e4e0b41649f73b5c04bb7dbb7,0,0,0
1f476bc71f514d4c8cd520d4ceddd5f7,0,0,0
24162b6ef8324ebd85d959273079f239,0,0,0
85599a90376043339b55e424eeb9aeab,0,0,0
08f162dafcb14f728a07189b12de78dc,0,0,0
4f587b80b65145518dc6d3ee9fa3e7d6,0,0,0
01e637135bdc467cbbd4c7c2c6572eb6,0,0,0
946a278051bf460ebedec8df22714d82,0,0,0
a5715412a2e640ef9919b40d0ef18308,0,0,0
8de72729921c4f929c8c267ee5199a66,0,0,0
893dc334980a41fb80d18d0e44f53e29,0,0,0
c0c06b1d56614f24afd65e83f3abe691,0,0,0
7f6e045f0e714a1a9dda7b0861491c4a,0,0,0
ec50addd94df4040b407bf46861cf5e3,0,0,0
2e4f0fd42b2546c5bb29724cbea8c3f5,0,0,0
b1d5a917bfb3444f8d13c2ccd91af1b5,0,0,0
38120419ee5c40eaabd9719a538d1550,0,0,0
dc94c77609bd4445b24a6f8a46599b71,0,0,0
8c90120538ea4dcba0d08f680cce2c26,0,0,0
436f1b9382d34d758b60d5dc4bbccce4,0,0,0
79fd427050944d0488ebf017220b7ff4,0,0,0
a70ec724684a431f9465d00e8d310f14,0,0,0
e3e6f76ac99c4714aeed085b2a8c95f8,0,0,0
c1a3dc19c1154eb79d45f72d4885016d,0,0,0
