ae03b51ef39a43088e0e6300c4ea97a0,0,0,0
c6ade0195d9e4ca0abbb20fb0eb2fb66,0,0,0
ca77dd4132f044b7b6b999d3795d09d3,0,0,0
11df17e75c974cec81b1b76aeab73399,0,0,0
9b66262361814acda74fb9444039622c,0,0,0
54eb4ad83ed34c308336e83d3d20799c,0,0,0
1a5c7ec82b6e4a83afb6e76b4d2118c7,0,0,0
3faf8726ba1a4adea46d7f63d8948bd3,0,0,0
3e3839eafbd8467993527dffed63a8f7,0,0,0
a3dfeebf01d24ad19c009d3527fcb6cc,0,0,0
bf6f080d1a064a2eb641e3ec699ed354,0,0,0
de5a1f3ff9b24744b104e2e796b5cb29,0,0,0
e57c3575f3674cc782b1155b1de1d110,0,0,0
b6aff1ec4dd447c0ab21f2a6bf52e592,0,0,0
ebe1e9c4b5bb42cc99287a05f4ee5526,0,0,0
b7eae2b57c19455991ae3242798a8b05,0,0,0
6b0783db762e4593ab5ff5fa7caf57ce,0,0,0
f1c9fadd26764ee48670b32571ce9c39,0,0,0
501671cb342e44198f8867b37af987b2,0,0,0
b8b37a15b628463d9cfacb168332912b,0,0,0
236a4dea3b6e415baa0606e642d48784,0,0,0
6eddf5877b284e3184ddd6aec1e34101,0,0,0
fca61d936fac41c29ef4cd060765822d,0,0,0
bed92083ab4440bab70e7fc5bf0fb42e,0,0,0
b893c0ba92f64e9e88698fc4225fad6a,0,0,0
d1d21a951d804f5189c5ab3249b63b57,0,0,0
591d52de25f64bbbb3bc6365669c5a0f,0,0,0
1a7fe152f6f34697bdcee712008f84e4,0,0,0
3eed2cb0dead4d9eb9bd7030ed437dcf,0,0,0
6a397fdd327d4bfa918a0d9586e4d25d,0,0,0
f1a43d69cfc04812b3099e08fc27d56c,0,0,0
3d5547ed57e2466bb12264e530574179,0,0,0
48a174fdebfc429c9d5cca4e74d7fbdd,0,0,0
fa1f71b06e894ff6a4e2173012ac7a3b,0,0,0
c4c0d2047c27477aa1fbddd567a6ee4a,0,0,0
bed1e142845343c5b9695eabad5d170e,0,0,0
db34b3aec8764d148b0a2cbebc0ebda7,0,0,0
6cece5e7a4074cf19c83b3c213b498d8,0,0,0
ecf39d39cf7745eebe103ce9c4b3cbe0,0,0,0
88fda52a9c9e4a5cb1774e741ecce8f6,0,0,0
ab5c93de69a745bbb1ec09e3c4f2c0ae,0,0,0
5791bf29c55c4664b970a4d1adcddf06,0,0,0
5ee3f3c0dac54a1893594c1fde6a427a,0,0,0
cc8aaf0543a44f9fb067340d7b4d2d7e,0,0,0
f74428d06fa34b79bcfccb38f448e2c8,0,0,0
9b7fc1f2ab4f4ffe9039d2742f4c7c37,0,0,0
884d01546f7d45ab977658ff323da87b,0,0,0
5f70dea238aa4c8eb85954cd768c55fc,0,0,0
b39b9c929eab4dd3816ba5a6affb738c,0,0,0
cab30cd8524348de8aa89b2c9e10167d,0,0,0
33296641c793430a893601e4ecbddcba,0,0,0
615acadbd02d4570b997e6021233996a,0,0,0
d2a62238e6a8472381a0111b06f35f72,0,0,0
4cc573783ab84a5f9f191ce255a13b97,0,0,0
8064037d7d254b2a9802647b9a31cfcb,0,0,0
9f14e40b3bca40c292a9c10af54164ff,0,0,0
ce09a3da7596439c8685be5f408afb81,0,0,0
35b41dcbfcf84f96878f6ca28c70e5af,0,0,0
49e6c905a81c486baa8fec5e6e436ca9,0,0,0
9a896fadb819490089bf51005088f464,0,0,0
227ed4cadd89473b93bfdde29decd566,0,0,0
