087236543c9a4043a0a3d824b7eef95f,0,0,0
a5b1629e7b544797a6a18c6c924e2166,0,0,0
a063f9faee924b5488d4f9208ebfda6f,0,0,0
d17d01dffc6a4f5e821580a1f5d9b346,0,0,0
bd1975e02f1a442895be61e261098762,0,0,0
30f89135ac9a48efa283327c407b6ad0,0,0,0
c27b2a83f05649e08baae0328c5583db,0,0,0
fbef2c9afec642c88d01cf09c90aec12,0,0,0
c8cff87761fa4a038cfb26a87369ecd4,0,0,0
c2ee97a3318d4b7bb72bef71053bc1c8,0,0,0
fe0787eb7f0348f0a0b0e84c25833fd7,0,0,0
a6be830d8b644387a522a5c86f7a9d8c,0,0,0
ae2aeba150fd4fe4b6714b63e1a8ba51,0,0,0
30cacfc75a8c4f09bde7fc10899f0a53,0,0,0
451088e169fd4fe3b14d1f26b18d9a27,0,0,0
80cd596c480c4f72a7457433b862d179,0,0,0
5d464337597c487c8bad21065c565a18,0,0,0
798e1b9501874ce599d1d0d1905c721e,0,0,0
8b80d44af6624e14958b89141b482bd4,0,0,0
0eeeec62f5884cf396e3822ad3a1d5d7,0,0,0
f1c1b472600941529db03b728464bcd5,0,0,0
d2e2cf3e29c84b1dad3acbfa6ab914a2,0,0,0
a38fc71b78d24fd2b80cfaaa8140a0de,0,0,0
b77ca143d1fa44fe9fb51b06a48411e4,0,0,0
099d792dbfb2402ca355fd7ed860128f,0,0,0
bc9bd723cae547c290bb24692fd1b8ce,0,0,0
9dd1efeee9034a408ebdeabf77b7ec63,0,0,0
02a73934caf1435194b39702080d38e8,0,0,0
d825fe05575245e7b0b636832a6d707d,0,0,0
812d350ed76d4fa1a0a63d4587431409,0,0,0
79d34c65b4d04dfa868bc713fbe58ed7,0,0,0
7fd32fb4686b47a29b435aa6564245d3,0,0,0
e1fcf33318b44bd9a3995e10f3d5b5c7,0,0,0
d2feed5e3d1a49a687ce8f3f058472be,0,0,0
bc4ec1f735f3446aa4b56165d9508b45,0,0,0
22fff6c74efb476592569c18718feb41,0,0,0
30b2437ea7864131815d92f2ef421a0f,0,0,0
e4036dde06194ebea30d87431ccafff2,0,0,0
27e6db9c80fc4c9dbc527da0cb955768,0,0,0
543e6efcc1e24215b18c4060255a9719,0,0,0
8c72bf8a785344e493f1fd2b1ca9e1a3,0,0,0
8acc5cd5a6dd4da1ae3fc3088ff549c2,0,0,0
c5d43b5b8ff340929fd1a2347cce88b9,0,0,0
3d15cf8b5bd54efd95f7fd3324b61b30,0,0,0
1da885cbeedf485883df716d3944cbf8,0,0,0
b68bedaea16f407cae5544858d63e086,0,0,0
76690117670e40d6aff6ec93a9cbe173,0,0,0
9ba1bda76e7f4ee680326cbbc8ab147d,0,0,0
59aed460238643f48f593e9b9ba1c17d,0,0,0
2008e72476f84104858e908beeac0193,0,0,0
8eda0abb2e714080a7a5d15c9d606c25,0,0,0
e5d8e862904a4037bf0d48f3ea557453,0,0,0
f8e8f07a9487401f97230d256e54e95c,0,0,0
e0f34035822e46f7b431406cd82ac871,0,0,0
77149dc9cc4b4f9e9e1da3bd1c5925d5,0,0,0
351a7e4b95bb4cf3b7696b0ac7b9f768,0,0,0
d9913cc77dc14f17b7228ac8de469b06,0,0,0
89498b7440a54033b6b1b6ed8d9ec03a,0,0,0
