e25b3ee74de846c18029e06899faf471,0,0,0
e51fa073bf2a449989cd5c29ec46fffa,0,0,0
9200a845d37a4e0ab6cbf58f334acbce,0,0,0
f8a5d4f68a4f49dd83688e863efeddff,0,0,0
e485dc45aa034cb3b8f41941217f08a7,0,0,0
9081c38ea6364c1e91132285a5cee2f9,0,0,0
e49192047ff241b5933dfef7b832b8fe,0,0,0
44836e3f50ce4f26b1755d3a14b9cb9e,0,0,0
72fc6ac825bd4affa9d38b657c4aee2d,0,0,0
ba47cad0e7e748c390f8e7d1e94ccbb4,0,0,0
d2a1451710f443908f69a8b7b676c935,0,0,0
f0244e1e73e34c6997e25f07e9b42328,0,0,0
2c950f363d8843f99dfdfe831fd3a461,0,0,0
f4695941d94742d19fc39d382fa9af4d,0,0,0
f490656d21134ff79be372d985ad965c,0,0,0
597c742850c14dcebd17081484195bee,0,0,0
629b626095374e3ab7d9b7ba98f2f7ba,0,0,0
5ef5cfd079b04608be221acb6f7e8a64,0,0,0
259fd84d195d4d9bac4e14bdf953521d,0,0,0
4ff85e79b4bb48deacd2fbf9363ceafa,0,0,0
aabe1ec42c7f426a85b709e03c4711e9,0,0,0
10e1b4e1aab94a7988477a15f8cc518b,0,0,0
248492258fd5435c8276f59f63ddf0ef,0,0,0
bacce49c6f02481aaa803430d8699cee,0,0,0
e1dd0761e4574583ada59217fd8980be,0,0,0
3517198fc6744a2eab89d685f8cb93da,0,0,0
7e3147f2e0c24ea78fe71609fd36e7ee,0,0,0
5721261a8bef4c64b2a60119b268d8f9,0,0,0
79ee9be0827a4de19da5b3e475e3ae0a,0,0,0
9b23d010ac534ef190be38b9ab781a99,0,0,0
9791ad42bc7e496ba4adf892fbc462e0,0,0,0
f7787c614a464923980e18fdb980f6e7,0,0,0
5be145994f974347850a48cecd04cdcd,0,0,0
7551be9b1e4a45fa959217431fc4c463,0,0,0
e2d1965827eb4b5e99f633c60dae5222,0,0,0
3cc9bafe56fb420eadcf448799df8546,0,0,0
79878e3ae5364a658d3f7a0a683c3505,0,0,0
8f2fdc0067f64a15b2efec9cc0b773e5,0,0,0
22226f1005ae40b9a662769b3f9f4d06,0,0,0
40830491f17842839b2a5cd69d308c5b,0,0,0
e2ba263a803142c79ac20ee9a4d90e9e,0,0,0
e87f560e1b5a497487526e64db42f8c8,0,0,0
8ba79a3800e54056a86ac475d8f05996,0,0,0
cd680b57443748fcae2de7c8e39970ad,0,0,0
1bcdf4d037c249bf80d837856ed65779,0,0,0
accc661014404d1bb228b749e6f3c5d6,0,0,0
2a06614b13484a04bf20880b0da3650e,0,0,0
b4e027328a1b492e85e269df23fef364,0,0,0
067ad57950864b6482eee91a5bd6f5f5,0,0,0
15fed527c8c1453487714cbfd0ee4bb7,0,0,0
0e59dc94728348e7a3e5e3746f2742ea,0,0,0
1b07d95cb6784bbebbc116ed20469d65,0,0,0
cfe63c48c4464ac88ef3c681d9a15d70,0,0,0
d312e6ef3a414dde893ceedbe6563b18,0,0,0
c55fa077761c4154af4b26da88eee80d,0,0,0
a96f2dc6e70346a3aae9d66e4037ee6a,0,0,0
21e7a431303c4b4e9e41e90bdafc3bec,0,0,0
e1f4d13cd7c24350af54db7ce76f9853,0,0,0
fddd2a92c75a4e4baedcdf0659e9dad1,0,0,0
3c9615b3193a4e71ae932ea45fef8dde,0,0,0
db3f3ca133714b02877c14da914630ab,0,0,0
af3af33b0120469c9a00daa0d0b36799,0,0,0
293a1e64b85e4e84a3a44fe8ee9d9bd4,0,0,0
8113cb01c8d944a1af5f2dfc7f008b0c,0,0,0
e2f7333559be465d94798c1940b2e582,0,0,0
35299a16cf1e447da4c15c443929c27a,0,0,0
adcc15e35b9441139036aeefda56e0a4,0,0,0
4307032328c04a388a3e6ae2897aa44a,0,0,0
dd6b2993f882400ab51f9e8c38148b7a,0,0,0
1da0c5eb43fd4722a5f7f5c7d4e18b4e,0,0,0
ef8c0b0d09564875b36f3997832c5eae,0,0,0
adff6e1a0e8343a3bb02536c3f0fa420,0,0,0
807009de2d6c43bf857a9250dc76f8be,0,0,0
20d4286c35fa46a2b4f0db5fb1ff8d86,0,0,0
bdc8285f3c08457499b0b02f95bee111,0,0,0
362c988e2580486f9fa5eeccd9caefdd,0,0,0
fd433ad8502149ec849c4c51bb989e4a,0,0,0
bf7dedec250d405f809a7124509d7c2f,0,0,0
30ed651265324e9d827338bb558b97c6,0,0,0
2424ab0509df4aaba6809a6bf5af643b,0,0,0
691c4dda744849acb3daefd1bca9a2fb,0,0,0
813bb8880cdf4a24b48d97af1b4443a2,0,0,0
8be5effc17454d3f872ea16b4948015b,0,0,0
299ad924950a47108c48a70a5474c842,0,0,0
3b36912b85834ca78616c6a7337d6303,0,0,0
f31087f038e84076a071c494d3989bb5,0,0,0
c03d15601e3d49d2875de7dd3776e237,0,0,0
f53e378ee8fa4edc8cbf2ffcb4a99899,0,0,0
ba5080db55e84e4f9a9c02a4549e7448,0,0,0
19c60ba074144f09ba124adef82ef7fa,0,0,0
fd263d778b534f798d0e1ae48886e5f3,0,0,0
4f505ab96ae5409782db6ae4fe9fc724,0,0,0
acd8315e6a434feabd3937499bd53dbb,0,0,0
154cbcc9b744473780da78d787e1ad34,0,0,0
50a6d809b39f4f19b02c4db72111046b,0,0,0
26dedb23c6e949dcbc1aa47b70653ef3,0,0,0
03f6e7e5c26b45d78feb5c2e3b6601e3,0,0,0
5d3591edd7c546acaf99db40281b3409,0,0,0
5856e0cca17f4a3aafa6f9047c39fd76,0,0,0
5ee1a604d54f459cb64f33acdd18910e,0,0,0
56cf724d00bd469c8c4b80ad9ffa68dd,0,0,0
a68b5ae6571e4a66a4727573b88227e4,0,0,0
057976101e4f4f04b99391f81aa9c1b8,0,0,0
a58cfc143a484947b0a2c9395e7f11de,0,0,0
79aedad1206b4eea9c4b639ea2182eb7,0,0,0
e5bf751e9d7a4cb19e3d68c3fb881c29,0,0,0
3f75b2d4af4d4afd85666d4c1302008c,0,0,0
1c91ed40af2246f2b126dd0f661970df,0,0,0
82144a4d6cad4c2592b95a570aa89daa,0,0,0
fbdc5aaa77cf45839e7976df379afcdf,0,0,0
aea65d3bc7c34d019bf5bc3b0b27fab4,0,0,0
564526d4eff54e61b077aefcfb070cfd,0,0,0
385019f5d018430fa233d483b253076c,0,0,0
f4810f2f18cb497389628bd8738ba036,0,0,0
b109cc5c9d3648e18077568789335d07,0,0,0
69b8eb3000854ba48b2882a35f125af5,0,0,0
744eba592017466eab0da528e0cfdf7c,0,0,0
7a3f8f06712a413b9d9b422a448b20bd,0,0,0
af3e650db1004d5e81a7841b244a3513,0,0,0
9c288661e4934fb49e4e861cf2b51c57,0,0,0
4335216422a24ad9bd6a662531d49f90,0,0,0
a9718911145141ba88061b8fd94589b2,0,0,0
45bdfa7b4d2b4d7e961898c9bf703c7d,0,0,0
