c688725841444971ab4788b382c60643,0,0,0
f782830ef32341099b151052fe6344e3,0,0,0
cbc9652650d44dac8c2652a0ce1cb7f7,0,0,0
f020e2fdb4ec4cf793a6e899426294bd,0,0,0
804c03492c564949b1d6e951d3cd2649,0,0,0
0012f6dcce9645778ac459e189cf0db3,0,0,0
0a84204ae666476f97095e784a772323,0,0,0
2aef8931ed104272873cbc52701eb2ad,0,0,0
7800350daee342339a672a83404f0b27,0,0,0
425d7e00daa147c386c466b62c8ca730,0,0,0
7791c5109cc04bc8b1c56f38aec384a3,0,0,0
a44d8401f67a4dd59cb4414b1dcf3a86,0,0,0
073ce382f78d4a81b8c673591a954997,0,0,0
fbc169773c954580baea6d2798c0d486,0,0,0
0582a7daf9aa47f9a2d42896d70319d2,0,0,0
1a1f64c9e2534deebd247c2b5f761ee1,0,0,0
add739ed237b4b1ab540290617cdb30d,0,0,0
c6ce7d2c307f48afad29e2f844767290,0,0,0
e5d088fa8d764d6daa2e8daf7c9eb035,0,0,0
b826c11d3d24425e8d497a6bd309b27a,0,0,0
494dd8583d9441feb7669b8ee539d037,0,0,0
e0eaabf84a714ad4ba5000604fa11b2b,0,0,0
4b911fd4ecc6413f8d31126674326f79,0,0,0
343a6c70ea474e92b1918236fcf0326b,0,0,0
22b6913260154cde86047971a647094a,0,0,0
2264f5b2a6e8450ab090e278ea8d1e0a,0,0,0
641770f54fc643ee86720ad169325d70,0,0,0
dbc790464a2d4f509490033ac0cdffb0,0,0,0
1f14902595544e389c9c910c444e79e7,0,0,0
5fd8f08588784e838f3f2f4b200e2982,0,0,0
9171c500ef4e4ae6ae151e1e99f2909f,0,0,0
8328f3a2de17441b97bf4348eb17d304,0,0,0
2d20ebd11b9d4855bac237d15181e126,0,0,0
30030a9a530b40fc88825ca8fc32f855,0,0,0
7357729b89e948d899a2885d2829e6da,0,0,0
3cab0ed3e0834e569223ca0befce5d9e,0,0,0
7a54f0d8b0204da49dac8983ccf6db74,0,0,0
18944ac8b05a44c7b073cfb5f6959e24,0,0,0
3cdc8fa94a634a929d9474045f25ac41,0,0,0
1dfd3711d3f6447697563aa34fea19d6,0,0,0
01b11b701b5240a48be2a86171daa245,0,0,0
638b72f18fda418394fe583341e9c17b,0,0,0
e9c47a2ac68742568f5f17b65ebf711e,0,0,0
4a99828d1950407e8181abca13717987,0,0,0
ddee53bb9f834fa58ae3bc3a47806692,0,0,0
0c859512f50540e185fcc64323cf87f4,0,0,0
14ca4d0dab6240dcaaeda95b6b81864f,0,0,0
4bf813e46da7449b99d2dd21ea351d9a,0,0,0
5ac9286390f04eb1b59616b251aa717e,0,0,0
01e5a0b727374a4d9c8d51891d8dfadf,0,0,0
4350d36797324601adba7351d09602d2,0,0,0
98b2a9c799084937a5f24d3393e26bec,0,0,0
97f25a516d7148cabb932b77a377c50e,0,0,0
f0b4db1b84744d49b76c5bc068fa1843,0,0,0
93ffa978cb164019be3b3b4e5b3f9c02,0,0,0
7b5d4b406dcf462e8edb1b1dce825695,0,0,0
cde9277ca5a74751ac26fa289a0ec5f5,0,0,0
3656b3f3151c433595728309e2862d50,0,0,0
b14e23a8dde045779c223af6025a8b87,0,0,0
04ce734b190f45f9a8c14331faa1479e,0,0,0
877ddff288064faeb2e0b5107bd6a0bc,0,0,0
125f056fd0734aaeaad865d12182de38,0,0,0
0ed7c679bd24418c938a08e44d19436b,0,0,0
b950f8999dcf435981779ac43c283df1,0,0,0
edf3c245e1fa4fd9a44bca6a8c07f57e,0,0,0
cb97a6b634eb4216aec05265e1e4229e,0,0,0
186a32a1b7e34cb797731bfa78365db5,0,0,0
3af5307a62fc429f947ca54d9cd4245d,0,0,0
bad24c9d90de493eb70e9af8383ee598,0,0,0
79595c05fd25478a9907f6a11bcfced4,0,0,0
6756942471174e5c937e15a8f8c0a6c7,0,0,0
1b584863928f47c68978bca62781228b,0,0,0
d5c7cf61d89c4b32bcde1b25b9b72acb,0,0,0
e8bf4bb10201420c844f77680ce0e481,0,0,0
e2f80f0b45c5439db45800b5e9126e72,0,0,0
2d4d42686e6543be9135545182094d24,0,0,0
d51bc78ddd6b4e7ba616f70584cafd95,0,0,0
50f665df35f04b48a8e138ee19d71d7f,0,0,0
08fb11c1a20144039e06afbb9c8e08aa,0,0,0
41ef69f1658344f98c78c975e8a21766,0,0,0
1b4824ffdfc44d08aa648e90241289e4,0,0,0
e63cf86fedff45b8a5c895adb0cf614f,0,0,0
2b6c422577b740b6a93eb26559dc8e0d,0,0,0
84115696ab944a3f837aa836c80095ac,0,0,0
1f14c32cbfcb4683a2dc565ebc2332e2,0,0,0
3f2c91b58a47410792c41a2968f57302,0,0,0
9d3eb9f5d38844bfb4e5fb2cd05fd3fd,0,0,0
807bb148c18b4a968d8f455a2b16bc10,0,0,0
45779beeae454e24a8edf575781e781f,0,0,0
d0e3a99b5c9140ac8c8616787ba9dd7a,0,0,0
70c7345a0572436f8432da31a1b19ff4,0,0,0
b52f35b11398442d84c02491081570c8,0,0,0
f378f8971f7b41ccb0f2c1dc14ba290d,0,0,0
dee9919470d2404087727c29e18de0e3,0,0,0
a74b9199d22447118e506cfa169638e3,0,0,0
0226db0c3fd24410bbf3db5e6d4b24fe,0,0,0
e7f5cf7434824a0ab0b4cc060e863c9a,0,0,0
acbe920a0c5d4c018b1803ee9b1f331a,0,0,0
cabddb2506ee4bfcb2a1bcfa6625fe28,0,0,0
8be97d272f6e4df19884790796a0a02d,0,0,0
91ecab0054f140d9862df7459c9515b5,0,0,0
1920d957cf3d4adab57626a7ccc206b0,0,0,0
5d2b7f2b80f5438ba48798a23a3bcbf0,0,0,0
a5542bba97c44a2cabd742267454fd13,0,0,0
7316bf706e0d46368334c0c989210e09,0,0,0
2c16cbd610cf4e1b92b2830f51c07e32,0,0,0
cc15fb105d86466faafdd633f89148de,0,0,0
366c372cde1744da95158e24eaa7969e,0,0,0
0dfe61800cc540db8e25c1738bc4b8ff,0,0,0
9fa8a22dd47f4a11912954ff6ecce51d,0,0,0
80c24a118f9649248b1e2a9a383dba42,0,0,0
21a2517901af4aff93109ee151c61134,0,0,0
6536482bb300442c9ca3ab0554c9d3fe,0,0,0
6cd8366dfa39465fb61693361c81e8e3,0,0,0
d54b2df8cb2d434b8406099fb5533b1c,0,0,0
d7044641458e49b0803e186bd1856994,0,0,0
4133e50e81004f32847478a9cb5b3654,0,0,0
a72230c911234d18b08568b9d8b02dd2,0,0,0
