95a4b136cb854ea585cb23d67e174cb3,0,0,0
2c4f0c57f3b3499c9a4f13d2d0b20d0b,0,0,0
1a97cd33826c4d93be29d5b980979629,0,0,0
a1b5ae6f5d1b4ed0850441594bb971d4,0,0,0
275b762913de4cba8807328e1c25cd45,0,0,0
a1dd7b2789d64b5a8e9adcd864ad9897,0,0,0
a16ed3b23f3745f28a7a039387a24575,0,0,0
a0c01a3d40d84d20bbdc564200a19a47,0,0,0
cc1617446c6c4db9800195d4249b5ff2,0,0,0
731e0bf988274e6080d0d90a2bd211e4,0,0,0
9e6df4301d8e45b28d96c115dea94756,0,0,0
df428e69750340cdb9612ca81d9b098b,0,0,0
797b7729469b451ca723f4a3b35bef85,0,0,0
300b7aaa06d04bf8b132541c6aa02254,0,0,0
b897a3508d9f43e19ba2b8d48323445a,0,0,0
181111f8575a49039444d6180bf71c10,0,0,0
564ec6d404cb4349a21a05e0b4bc5fc8,0,0,0
0c0be1b10965495a8ba10ef89c80483d,0,0,0
badf87714efc482f936c14de653318e5,0,0,0
c4a439a24fc041a789257b81c2b2f832,0,0,0
c1be688e07c845d194fa8c32d6327968,0,0,0
1b59ac5113344d2fb27e6274c9b728f5,0,0,0
fdb41a7ee3f1452d8083fb0996760139,0,0,0
b20fb75f6c3a4ea08a6f6f8ac7780b8d,0,0,0
2468abd2ba7b4e8a9222d3e318c6ad7f,0,0,0
bc563332fa4c48abaef8a1cb712075f8,0,0,0
675491e4cc5a459db65fba26b03e6369,0,0,0
0e51c17b16974fe3ac943e17686c4842,0,0,0
f952eefea56c49648f04224fa02e066f,0,0,0
a9d71330f8144d979dcb2af0771cb0b5,0,0,0
884a0669e02341679743a69f4049a41f,0,0,0
ca9293fce518481282c3bc9bd6230f4c,0,0,0
fe9c9d20c3ac4666a01dd87ea2fad630,0,0,0
1084a51245eb45f59e6493068d74b7ea,0,0,0
0d24c66abcef47fa898d9c239e6a3de9,0,0,0
37d63e44ec8648da87ca873c47a510ee,0,0,0
118169c7cc3f488e88a237f10cad437b,0,0,0
5d143906064a45fb8a5a75c1fd9e9e69,0,0,0
0474c76236cf49399eec4f9c4f519822,0,0,0
0ed4c12ae2734b52866842a32a2bbaad,0,0,0
e94cd6b986b5456990723fa8d9612759,0,0,0
a748d2c29b664cf0b256534cee04eb43,0,0,0
bb0f7bb7c69c4a1ebe5491a073aabeed,0,0,0
322815e7401746019aace70789e5aec7,0,0,0
90ca0b4ba53348688017ab8ba661e2c7,0,0,0
42b4de3318a74ec78dcd6f80803ea859,0,0,0
66d32e6e1f5847bab89af0d5c61c120d,0,0,0
80c8894d436e45148577bcb0ebb45889,0,0,0
7507d89cc172439dbd238eee34cda7a4,0,0,0
987ba42081144f569eac1ddea227612a,0,0,0
80d0c5f35b044888aa698481d04d3bf9,0,0,0
fde766aee33345558610cbd26833607d,0,0,0
f2e7d33780ae42e087a760e7db92128b,0,0,0
e1ac54fab83242b889a95320811c68e5,0,0,0
dee381115b18481c8e90a89f87cc5b94,0,0,0
4069c437611e44c69edf8175de76b201,0,0,0
bace700b94f743d1bedc82b611604dee,0,0,0
5cbc5e8f99984c978157cbd49e1d95fd,0,0,0
deade6958e8845448d4594169d435b5c,0,0,0
57fbd8afe1fd42b79a657087919aa2fa,0,0,0
23c4fc0e00a741c8a631f859af1af23c,0,0,0
202c0c5fee334297926cca560dfdd9ef,0,0,0
a4d5eec9ed4a4e009be65a84aab88e70,0,0,0
59d35dd85e8f4b33954dc51f4d8f0db2,0,0,0
553465b804fb4fc29bf530f71dfdf1d5,0,0,0
869d285a0a7640329b1bcb1bd6fa2362,0,0,0
feb3e37459f942f98d53eb78d66375f5,0,0,0
4fb707bafaca4534904f698e89a3e55b,0,0,0
aa6ef1806b414e5ab49db9a45595c8cc,0,0,0
e3b5cbc0554e476a8f17d4797b993d7a,0,0,0
