7dd8fe295b224962b6933cbd67d77eeb,0,0,0
bba3da718b7b490d92168c4a01404920,0,0,0
0e088291a0cd4b0295d77345cd21ecbc,0,0,0
acd5131e62ab439aa224d1da37766cdb,0,0,0
1ac9330105c84fe3bf9058aebfd26f6a,0,0,0
be429defb12e41e1a8ee7ae33dd92036,0,0,0
fe9dd44381fe4a4f8d329ddf3d8582ac,0,0,0
2f5aac2d367d4d15bb762c220b177140,0,0,0
767338ad85174714a86e1e60a866a829,0,0,0
df88585cb6e44ab8a086931ae4c42988,0,0,0
10ac1913d65c422ab6cbda5b9fb5fbf9,0,0,0
b63c954def2a4e86b44707384d727391,0,0,0
897ee6cdc5314ffaa23bf487ac2e0def,0,0,0
3f264307ae69400da49ca1e0854ea816,0,0,0
130eb894f4dc4bc4929831f54445c926,0,0,0
ec5f112409dd434d9cff21d9c3df8aa3,0,0,0
4ea8a0b3ea934457bfce7d1c54e256b0,0,0,0
6fa724aeeedd448baaef3410230af97c,0,0,0
0469b4fc6cbd47339d41631e3ec093a4,0,0,0
e165b44c56394d7b8322a813cd82d490,0,0,0
cc273986f90c4b0a93bc7676750c95c6,0,0,0
0cbe799a6396492fa77699e728ef554d,0,0,0
e61a450ffbe3472795b6559f3f36c211,0,0,0
75048dcf60e1499ca352b6e5735c8c67,0,0,0
7913c846ee9443daafb87cab26566963,0,0,0
a605b7adeebf49c580e5ba30e5ca025e,0,0,0
774400703e3d4fd5856f6cf011a65fcc,0,0,0
40394bc73ced485b9254ad8c874ebbe3,0,0,0
31086714d7104f12b1a8068066cad127,0,0,0
057341f7473241849f5307130c5941ee,0,0,0
c56e6f293ed940e5a745ec7bb369b53e,0,0,0
1820cb9dba3a4dc0addaf429d2dc96e5,0,0,0
d35571d078954f8d89dcc1c79d91674c,0,0,0
fd9f43bca3e7482289250bb0afca10f1,0,0,0
03a14d1a339f44d69f8b4241489a6323,0,0,0
756a5ee5e2794ce8946e7fc6a6cabcd7,0,0,0
7177b0204170400da4ce24b77c16ce8b,0,0,0
d3f5d9ad84994c68afac6a292c39e2b3,0,0,0
24cb8aa2491e4686a4af0add4961d171,0,0,0
caad0875a60c4eb9ba2e15f01425fd4b,0,0,0
4a61e2a984244e3abea9a7550981e683,0,0,0
a4c42fda0ffd4cf98f5a716772b92e09,0,0,0
fcf3c6b206a94032b6f02ec249a78ad3,0,0,0
601e588142ad4be893ca588dd7608fb8,0,0,0
4c82e62e485548a98cfbebff56f6c7d4,0,0,0
a246a060f2ba471db3177933618d987f,0,0,0
a76fb4a855e84d32aaa671b9830a624b,0,0,0
9aaf543f995449b2affa8641c43ed32d,0,0,0
17742c6021db40cb9baf6e5b32ed447a,0,0,0
1aeae179625546819a85dbf0da95b5b7,0,0,0
d623db5395ad4b94901efd3d1eb239b5,0,0,0
6161c9691c944c03b177037343e26a1d,0,0,0
ee82e12abf7d4665b54b4301e749876a,0,0,0
97e40352821545a9834df205cb834380,0,0,0
2c25ceddf2aa4f6182a84f2668b6635b,0,0,0
5f7a10d0598a492abf7a73b4a7afa7ff,0,0,0
44878b0e7e9043ff87ac3e502cee92a5,0,0,0
418fb1f91e9543aab0c4205a90ce217d,0,0,0
24b0360e11a84b16870c85ba0d24f19b,0,0,0
a819af38ac3f4e54b7cdc834c04a1d05,0,0,0
4d0c6278077640f09dfa20ccde18bc98,0,0,0
501146779ece478696abb65fcce6ed48,0,0,0
c74a54d855604d0babde60330756113b,0,0,0
88e1a361dfe240d49d9f3bf34a8f1617,0,0,0
846d923830d14a189ab5133f7f6c2d75,0,0,0
9928f146fa5e4de2b6482f15e79f9439,0,0,0
b522428ca9694b10a0d44bb8ccae53ea,0,0,0
4c2c1e8a608945ccbfe4cde76e6bfc30,0,0,0
cdda8b74dcd1460f9028b7924f9e1541,0,0,0
858d6ec47f1045bbb9f2e5e0e1b380ae,0,0,0
874be44e813a42559bfb7f474be3497c,0,0,0
182ecddefe384e829ff8bae132f93198,0,0,0
cf90b02d6cdb45c480bfcdf4cbba79ac,0,0,0
0024bf6c261d4759be19234c9af1e819,0,0,0
d99a0223c600419aa300a253164774ba,0,0,0
4b69f27bd8c84260b8d455f5711e8647,0,0,0
e81f46dd26d74c1f903ffb749d2000b6,0,0,0
e87237996a4e4c71a6aac65c3ef77b26,0,0,0
0ae8865e3c2d4c3388014c7d85b5ed12,0,0,0
3b486fb3856b4551868ebd0f88582d5c,0,0,0
668ea79be07941669840dbf7fdaa03ee,0,0,0
17535b07dd374560a191b4e0d092b479,0,0,0
aac9edb8b1c845bc8450c8b68ab24bef,0,0,0
8c9910259a0941ee98435a78e2a8d1f3,0,0,0
3e44da3aba4d492bbe7ba0f8397b1450,0,0,0
ed359784f71741b98a907d775c6b647f,0,0,0
de0c19e0b79c4db0b3b92b3bf9e33ee2,0,0,0
ab150d6d19bd46afa43949e66e943282,0,0,0
98ab4675e5d44a5693f3b57b370b66a8,0,0,0
f86f17660af34b46b5a55eca66f1dc6b,0,0,0
9b63bab455e84375a633f1b0a55c8bee,0,0,0
0d77dfd7a3894c1d83bd26c4a1c8e3ee,0,0,0
5ea05ade19e4462eae79d583f3656cca,0,0,0
3e6c333f1b454f00bb294f73a1bb4f7a,0,0,0
a513b8cf9182497582fb577c49d038f3,0,0,0
1de487421e4a43dea07d1bd3c073e62a,0,0,0
a70e9d12b5034c52bd7b70ecc7b3dc7a,0,0,0
5da6b235e84743968b6f0b1bd75e250d,0,0,0
8b07092911a24d28aa3761a261c10eaf,0,0,0
4e2df346f67d4412b59df955aa0650c8,0,0,0
216f559483e047469d81c24a67801f66,0,0,0
cd5e823c86f24752a04285a55fb9eef0,0,0,0
968453c020624c1ea039f22d6852113c,0,0,0
c81f930805504fe7bebb62857e52d9ab,0,0,0
3f72821e9ffb4ab89e5d1a91842468ed,0,0,0
7b60d70744d344d7b4371d212bca04bb,0,0,0
6d3d71725b3d40429c2e06972e5fa0e8,0,0,0
06db5803f7ac41a2a0e92d7cc0617c46,0,0,0
87844ca5aad64bf790eb6db57770008b,0,0,0
8d6d6147cd1743bd869844e834a0cf77,0,0,0
aae6e0ed91e444f3bf71ba34cbcfd994,0,0,0
c8ee310050a34926a0c65c425009a75e,0,0,0
4f2ba3ecff5142fca6b16c2e6cdbbdd6,0,0,0
4256db7f41e440f9a4d097079c53d560,0,0,0
6f5ab0712f694551a26278f5ace7a68c,0,0,0
a36d93ad718a4c18ae37b5b7e8b393ff,0,0,0
833c62d173f14aaabd2618c4aa1aefc2,0,0,0
98cb55a4f05240c9b1d600aed0feee58,0,0,0
6854cd178a4641b5b8386ad0121b1b04,0,0,0
9fad170f0dd24f7aaccc17c617147d18,0,0,0
5d8ebc45c0c34488aca8f4edf86ec97c,0,0,0
ecd1018346dd4921a3f57e81ea74cf3b,0,0,0
7c2c3940d6ce4662abdc85c9c1fe8766,0,0,0
e5a5a37f09d34dcf85d72f9ddeabce58,0,0,0
f241aed02b05490887fcc98e49095e74,0,0,0
58548bb6a2fc4c7c8bbedf016c536b13,0,0,0
49d5bf2abff24f709ca005ce3a3c9ed5,0,0,0
e4611e4d227a4a3e82a77d93640b2ce5,0,0,0
413b432be2aa49dab55c47328e9e622c,0,0,0
7e7f11d08e64429ca7c0be69573f061b,0,0,0
1ea44529d0174b9da101564aee5a0c81,0,0,0
5d0380959764465394f08ec32dcf04ad,0,0,0
2336065dc5eb45d5a6807c94cf3072cd,0,0,0
0e93040c3a574977ad36fa61e1d54897,0,0,0
eec88eb9fe534ed79ef172a3e115f54a,0,0,0
a2c880331c3d4e0294d048252dca60f1,0,0,0
e29a9e0aed3844719148316853b3c863,0,0,0
1bbb3bf17efd4fbea301b8f2194d15ab,0,0,0
ba4dee4c0dd9410480e5ddeb625cdc88,0,0,0
27f745e86add4e4fb11aad06f919b72d,0,0,0
e972b2ef63ad40278b6ae6b21d38b4f3,0,0,0
6e2076826afb43a0943697f496beb998,0,0,0
8d2affcc4fbb4f5696a079e83b2d305b,0,0,0
12cd53fa035549b29c5afe191ca7c0bb,0,0,0
7ff44409dd934f4fb7bdcd8be4d051b6,0,0,0
5e8accac78704491a88a1aad7cb00d05,0,0,0
dea35f3e2e5642aa920e3251f33fa036,0,0,0
8f32df474841499babd7656450f9cae1,0,0,0
bb38ac9e750f4bbabd9ac4143aca2a7a,0,0,0
9a25465251c34e05bdf9940345a063b6,0,0,0
d3c1b1ed115c4034be5946179563ff22,0,0,0
9ba0cda9b1dc43c38071ac00ad297045,0,0,0
