d6d4416592a0483691a1ed7d3b336a1a,0,0,0
373c50dfa27649188f8e5b66c28f10a7,0,0,0
30cdb6fe9aa6449788e271f2e24d76ec,0,0,0
809153d4577f43e9b2e8115245fbaa2e,0,0,0
e4b0794b87994a7699ad7f6ee501d404,0,0,0
565e3e860daa4b9fa39e79bc38c4b65b,0,0,0
b000c5baa76b454caa1c58c9aac585f6,0,0,0
3362c518d40641d4b95d317186bde71b,0,0,0
48a2541fc50b4a57a609698e2375e9b1,0,0,0
a59a3a61089343a8ba2834e7d3cd1066,0,0,0
ba19aada2e9a47839c0355085f70f7c5,0,0,0
8554983cf79243f6bfb0f6fa8950e8a5,0,0,0
3182b6eba9ce405f9e1c0af86cc6b862,0,0,0
792bca2f015c482a82fae650dd5607f5,0,0,0
fb270f4e72dd40159a4d4fc5db263fc8,0,0,0
855bc326ad174253b57626daf123c608,0,0,0
9e3bb94fbf7f4dc0a74911414ca95753,0,0,0
9a2945c3ffdf4dc6aa8ff34e0ad42c0b,0,0,0
04135640920a4ba2b7dc68c679c43903,0,0,0
c91341f14a4f499e8b45d128091ed087,0,0,0
9096013c3596463b9c0500520d12fef1,0,0,0
d2600c4cac6445a7b7f0eef51a074043,0,0,0
c9ac0c98d16a4105a3214989cac149c0,0,0,0
45b6596b2c8f4336b7293cfd6d910492,0,0,0
c24e5838cd5a434e88b1209cb375bfeb,0,0,0
3da7e4f299e74a429ca5d336deb2a96f,0,0,0
6cba04f9e76f463094dd2a6ff64d1e9f,0,0,0
abbdc7ac89204f23a935fcb9ccae887c,0,0,0
800eb666021c4fd2a603dc9d89b8a50d,0,0,0
4547d37b305e41bdad0de45ade6971ca,0,0,0
cf7dde32a96d412791ca901207e4f3dd,0,0,0
aec90a1137d245ed84d8c1b3e809a1d8,0,0,0
08a2547dddbf4c2e9872d9da3c3e97d8,0,0,0
77e6cfabf32d46fc9398ce824843adaa,0,0,0
6ab11272308c46068c9ae583da8ff311,0,0,0
a89dbbd3a7d54fd9968d2239755c6f4e,0,0,0
97739a403b984dcd8253741a073b18dd,0,0,0
5ce75bcca20d46a8adba099e08a36c8e,0,0,0
6f8d55f24a85428894e82cb9f5f082d6,0,0,0
1eac2c379ebf4e059f4a35e584f82f9b,0,0,0
39791f422b0244aa84b3d41d9b218f7e,0,0,0
6db8c50a618a4939be1614dc1c618621,0,0,0
07e7a24c5ff449229aa0c72216829072,0,0,0
7980b9f903164d48aaee2dbeb5615796,0,0,0
7fc9b77a67794c9385ee1a2ba579cc92,0,0,0
77f0b306ce7d4055a9c123a52019d6f0,0,0,0
0565dcc2a0d54d72b97f26a1a14cebe5,0,0,0
755d110c2ed84d76be11ad56ae00b53f,0,0,0
