48d8312951fc478baa1489290461701e,0,0,0
47a1d03e9dd9419f989c966efa33e275,0,0,0
f09279e00a4a482a8fa26981999bac00,0,0,0
6e4b2abf0398452a978c13defc6b50e8,0,0,0
17be6f4e233546548c6c03fef0459044,0,0,0
d60a3b43a7fd409c8c50eb46c595ced8,0,0,0
57a7b1b64b984a91a36331b46117075d,0,0,0
cb7d4a315dc446459a9bb060475ea9a1,0,0,0
ea0d50a98d7e47c9a528c364b08bfacd,0,0,0
25fcb7deb9344557a5084b91d6564584,0,0,0
3335ef42f9b04940830e43c65ca2d971,0,0,0
669fb3436cd44c578b743ab544e25a35,0,0,0
41aaadfecbfb4c61b9810937212d2ebf,0,0,0
3965f87919674798a78e36931b3a4af1,0,0,0
acfaaefd04874a988a2c9cba12bc7a91,0,0,0
84bd5fd3ffa04bc8a7810851a04ad9be,0,0,0
0eb910f7eea64c8a9939c2c220de77b0,0,0,0
06c88433ed80477f90bd50f8dc25e7de,0,0,0
3a4650fded724e8587bc8fa91e0bdfc2,0,0,0
ccfc7026f4c6494ca251076c85aa906c,0,0,0
8a7f0bb5cc0d4dac9f06594dd915d981,0,0,0
5ccb4ab1767649358547b22ff92b9f3a,0,0,0
1948f7cff5b04572b43c105a61df7a6d,0,0,0
4b31797f021c49faa120d48c47163fef,0,0,0
f0ab74c8a4a44abfba942f946364510c,0,0,0
3a26390f67984a918baa211927e56a1c,0,0,0
ac2cc8c1ccf044f286f7630b07e2724f,0,0,0
4eff2f510e8f4289b3c59d0255659366,0,0,0
c7828415afe64434b4ae153750568149,0,0,0
abd467777dcc41c0995588b7f97b388b,0,0,0
4e240bb633a146f7b9391fb6bccde0a0,0,0,0
c838f65c84004e2983903e8bfa233700,0,0,0
47b09c2828524bb8925d108cf8c1829c,0,0,0
ca2cb94049944c7091641520209144d7,0,0,0
7799ab52a84e4b1aa3d1ddfdb58096e0,0,0,0
1b1f10e6621b4cfd8ce9aef9290a2139,0,0,0
c03e04864ef04ff896b3d3c5167d3a4d,0,0,0
6785a37dc18b4dee9c60aa496efca3e2,0,0,0
1bac1eb97d614ac4b9c0c9da66dbd4ed,0,0,0
82ae7e4bdf8c450bb87573f6b2618896,0,0,0
0f1d947c787446db9e644ef7701266fa,0,0,0
0cf8882315304c74b3169543eaed24d0,0,0,0
d6aa72d0fdcc46c498d0feffa2041688,0,0,0
fa1f118c0f924788aa7ea44f690a054f,0,0,0
dfca24101c684319a572d6f7cc7d16de,0,0,0
d1732bbf32ad4cf096975da88e5b2cfb,0,0,0
2458fe5b3729438b8582c5589d3da5f9,0,0,0
8b2bbf8d4b9247e29bb5e194e7e3f2f8,0,0,0
8dada87b2e6f47cf8c2bc609b7b99c50,0,0,0
97b67ac0d34d4561ad1b35234105de6f,0,0,0
00187e6e9d5c41608a232fadb522677e,0,0,0
64d3b2030ff44be8b25729c7658dde17,0,0,0
f41b57a140aa427381d65132a0e81f96,0,0,0
7601d3e4875e4985aa22aa0ac1605578,0,0,0
f3d21b0654584b5292ecae9791515ad4,0,0,0
f72db8cac8304a5f9e8d26835a004272,0,0,0
bff6f9ade3dc4ec6a9da68941f6b368c,0,0,0
a2e6626d7a7e4c7297e0609c92aa7945,0,0,0
d6b1c5cb637b4150bc5bb59cd9e93bea,0,0,0
31dfaa2e67354657a321602ab74e9b02,0,0,0
bf454a84e687425db55a946493d2ba72,0,0,0
7f71bf54a3884deabc7cb90728c7e77d,0,0,0
58131799555f4d599115d03462b227a3,0,0,0
d08536af13b44cf486b3d906d76cfaf8,0,0,0
f6c7c94118e2487e8591922b0d846a11,0,0,0
53b95d21252c4036b68820d2605f7421,0,0,0
9af60f6c3a154e22adda6f0d95eff211,0,0,0
00d3e13abe73496aa6e655afe913ce59,0,0,0
d164319109654ce9b4921876003686ee,0,0,0
7c16246e3d12454b97b6a5cf88a21032,0,0,0
16c5a8f68e1242889dcb3854090c7a86,0,0,0
095a6832830a42a6a3cb6446dcb2ac4a,0,0,0
e4752a41935c43f59390bb3663c47cac,0,0,0
a72aa7b4304f4c318af76653d9950c80,0,0,0
cd7080e9043f4b408ca65c3f3cb9ab79,0,0,0
14d60013743c4431a45d15bc03a5cfde,0,0,0
d3f317176f3b4bd28f915bd387a716c8,0,0,0
4b35758cc17d4a439933bbf6bb24f447,0,0,0
3d91ffc84e224406b42082370fa5ea03,0,0,0
922490f9336141c6b8dae84f53dcae99,0,0,0
56a9271c94ae455aa37d8e751fe782b1,0,0,0
d5183baffb764292a1ce414243f30ef6,0,0,0
a08093c62acd4168987cde84668736a4,0,0,0
49114420eaad4ad79c75f5c65b40689c,0,0,0
c9fb1bfafb2b4376a566ef79d2293925,0,0,0
577bcd8b4957430ea30e90bc6dc5dca6,0,0,0
16a0cba0f2b449279095e9676005a3b9,0,0,0
fe54393af51b4820a3bd826798803127,0,0,0
70818f4e2da640a095ab59094b7508f2,0,0,0
c34505b3a744494daa6dbed3e9308119,0,0,0
8db3d8eb92d34fc4bedadbe47174d2f3,0,0,0
4c394f99dcf6477b96180e0d79ec65c9,0,0,0
605dc5836d5d47cd8c4ae50521d43cda,0,0,0
9563f8b5b54a454f83fe9da8825bcf03,0,0,0
9400426a81b64e35837b0e23dfa9ee7a,0,0,0
684c5856cff5465a8ab3c35b6ffa355c,0,0,0
469a6e5b79af4ab6b02230dd64ffefa3,0,0,0
5ec8f0868ac44bbd85851663a777ca9b,0,0,0
c5695a2f453f47d59125ceece5018db8,0,0,0
8be1d794822a4c828b7948f4287dc1c0,0,0,0
2d3b04a8eb4243cfb33ff387b1563654,0,0,0
ffd2d7780984422f8e1f8f6f79ea89af,0,0,0
b5ea8f809fac4d829b2d135d29983aa6,0,0,0
d1de08c84e9e4f42a0acaeee738df23a,0,0,0
77cfb227d30443428d4c7787a3da713c,0,0,0
9f5c9d1c2ead4ce2a4f65971f2cd91f3,0,0,0
35b3d70f47994598aedb510108752797,0,0,0
8ed24114308b42b6ab1ddebf3b3a6541,0,0,0
99dc41ba4676449d8fc37890a38ad9e3,0,0,0
def212eb7c6644d19129693d7301cc0d,0,0,0
01b9c25e9cc946f6a7a53688577e2fc3,0,0,0
050e4a7ef017477499ad9595e3e2a812,0,0,0
670c1f85156549b7a6b7e7ebd8518b6d,0,0,0
8772b94b9e614d8abe30a8332fc988e7,0,0,0
