efeef7cc82c84690addb0bf415f075ea,0,0,0
d1ffe5280fce4ac5a949cdc9ee8b6f7c,0,0,0
7f7cc5ccc8a948ada2c5ee60d255aa1e,0,0,0
9cc9a6f97b09469e92ada5d6795d125c,0,0,0
7804a496622640ce9d5d79ecdc992254,0,0,0
14dadef1c9c74e2392ac8b1d04407fc7,0,0,0
f1064aea3a0d499fb9432df93c8008c5,0,0,0
f1c9fe4b49c443e891b6ef6b41ec25bc,0,0,0
06bc29df119749bd9c5be352b59d4451,0,0,0
6dfdde020dce4f68983f0382993b1c51,0,0,0
a091468b0d6d43f099fe840ca10b1a14,0,0,0
97dfbaecdc3f417385083e8302b2b694,0,0,0
fb32301e479c48bb8aefae8ee568ad09,0,0,0
8b6a76eb79104e6cbfe32db46e5fb58c,0,0,0
5e0cbbfd7dd742c2ae7028e73e881161,0,0,0
057625814959401f8e969f5bfbf6cca0,0,0,0
684d9231bf93471a91638ee94f790c5b,0,0,0
5816276565a94b17ba8c667db5829250,0,0,0
ae8304134312434bb91c6bb7ec16d7b4,0,0,0
dfc786743984401ca9680410c66df136,0,0,0
ea60a28a151f4aa286b51f9f9819aefd,0,0,0
be291fdeaee9413698d9da350207bc54,0,0,0
e1aba428d79d470e88e18aca556f82f1,0,0,0
7a8fc0425e0c40a69fb216c5345e157c,0,0,0
91b29545634c4754bfe914564d6c950f,0,0,0
1f26654b50334ed29c4bf161a0150700,0,0,0
d81930c7b37e4f859430d8dc8e0b8f28,0,0,0
e4f3d7d539964b0f9a4f1eec24fa137e,0,0,0
11fae969386e4e4fa6ed73ac9f20cd1d,0,0,0
f931ad7bb3ef487988ef5ec51d49a2ac,0,0,0
88fe76c2969d431caf5d60ff7aa5467a,0,0,0
500a6e1357ea4860b4971a3011195e05,0,0,0
65818fac73834781a2635832cb6a921b,0,0,0
9b4cb016c2ae494f91549fef70da01da,0,0,0
41e8be0d514945b1a74adb3308597196,0,0,0
7eb32b1e57c644f1b5a5801dbc6401cc,0,0,0
8e24f06762dd4535ae68bdaf10aba9c4,0,0,0
1374647ec3f94d46a28310bdf04bb8d8,0,0,0
4ff62efbc0934e888120522e4c84e712,0,0,0
329e410f057b4056a2b61cab3322d815,0,0,0
4bd7d1a0c683471babf8c7abab4121a3,0,0,0
5dee09fa6cca450bbffec66329368e89,0,0,0
1d5ac971a5b74f5db1a2414b5f7a05be,0,0,0
735cc8eae07743a1aa5d41ba878b0eb4,0,0,0
24a5c4d4de2e47fba4cd35a2cf63bafe,0,0,0
54db65dba94741f0875f24c433a6f12d,0,0,0
a656d59b1e6d4b1f8056e0d90b85c581,0,0,0
527045377f974a7d8853d919218b98bd,0,0,0
7e3ee6d9948547619b1ef64c8bf3b350,0,0,0
a9f1f6d6519e423a99303e3c7fdb836a,0,0,0
331098855d30477582b2ad4d3fcdda62,0,0,0
2291e23cde8e4eaebe6b9fe9cbdeb888,0,0,0
e72479914a95422abb9a01ce4bdf0ab6,0,0,0
5dea2611951e4a908ab308cb165eb241,0,0,0
a1ba2d21084a41339e1a52c89ba24f94,0,0,0
19299540015f49bc8f7dac276689f4c5,0,0,0
caa5b0dce8fc45a8982f917d041cf441,0,0,0
a7c9d5a193dd450fb2d2f04f71935ca4,0,0,0
0bd07b7213b245f8a54ec4010f6ef1cc,0,0,0
dbc0fd77d9384e14a6d0a19302b85a15,0,0,0
6967b846bd9c4c7a9c9c9dfab6d5eb34,0,0,0
47bec259eaac4e00a4db928751889af6,0,0,0
61c6596ffc2a4d788d93acf6541c7d95,0,0,0
7ecfa7f1ac394e9c94cb3b1b8a22004b,0,0,0
dbd37b4b3597425fae7fa1b818d5e29e,0,0,0
9ab3d35f9bc44163bcbafaf0e2d97ce7,0,0,0
0260ad22c1f64b88b7c7ffa843d86aa8,0,0,0
7b14552fe83b4e76974f711b8fcfc46f,0,0,0
49f26e22f7514331b35d76bc1b8bb9f5,0,0,0
e394a9eecb63432b804ebb2e96a563b5,0,0,0
cb13e2147d6c4c569608bb8b2428173a,0,0,0
982920829a0b433880410222539f240e,0,0,0
78ba509a09f84cb5a0ae52168825c95e,0,0,0
8dc2bb01c486457b9a0348c413d62f67,0,0,0
fb6bdce12ffa4d87a740d226ae62c38c,0,0,0
4382fba86a6a4956b7007f079a990268,0,0,0
e8527069c00e4d929f5eece0d766ebd8,0,0,0
d16d14bd9d194980b5339c4029bc4a54,0,0,0
0ffa6fd0a65a4462b2023f28b14741e5,0,0,0
0cf943705a6f4cf798dbcc605c811a50,0,0,0
9136737ab6024d03b151110c83a00610,0,0,0
a8c2dfb0f8c849ba83c20c7f7d6a00dc,0,0,0
96b25d845ff447cc989dfd87c88ff8b8,0,0,0
65c054c0933a4814bd05d2da5f282c33,0,0,0
d710e361173943d189ad82b18c11572d,0,0,0
9d97383beaee4ec78b8b20f44ba72c3b,0,0,0
f4939bf6f00a4864832a358f1ea8394e,0,0,0
fabd7c77b41e48eda0855efd12ecb1ec,0,0,0
828b8f02ffd145ac8b351cbb70682dc2,0,0,0
771f6afffb0c4e6d9fe9cca06b6a9cbb,0,0,0
529ed2a6b09e4f52b3e861e1b6a46d3a,0,0,0
bd4a599f645342adafc1b09a953431e8,0,0,0
48468989fb7f4fcbba1f7be7877bcc8e,0,0,0
a9c7288e5225482aac6f99127fb581e0,0,0,0
10b5aaa0dd094b00a74dc52823b7aa66,0,0,0
164adb0bf2464fa38e98e03b6cbfd3ff,0,0,0
a4aaa9c679ba4a3dbdead1fb0bab0e02,0,0,0
ffc3e703e412473da5216cca31f17292,0,0,0
c370bbcbfbf649e38524754b668bb1b2,0,0,0
fbc5ba2686d24a2d86cc1ac0575325ae,0,0,0
dd66f2f7f4a743aa8f07c053c3636c67,0,0,0
cd249ef1708b416e8523ec3e332c0753,0,0,0
3d53789d2b2b4eeaadba85394cb14fdb,0,0,0
e74b6fff96c74d018e07e1452bafa49d,0,0,0
9f2ce45f125346de825f3be52f40aab0,0,0,0
df0a72ccf976435198872ff9b19bcfb5,0,0,0
35dde286a5324af49d540f7dd0bc3b74,0,0,0
55d758f8ca7243b5be0fc24557452329,0,0,0
a9ec9760708f4771b657e254d9ab916e,0,0,0
101eadbcb4a74791b0da3d32ee6f71f5,0,0,0
0376844787ff4d4bb442bb2446b9f3af,0,0,0
178df5c45ab94180b8c956c7b3f54ca7,0,0,0
1f5d75e4b97147febba7d696e2efbc08,0,0,0
227c77269560472f97ae557eee7fb8c0,0,0,0
94ef53dd5e024bd7a7c79c7f43731731,0,0,0
26e495c137994f48835fdf0c5450a681,0,0,0
73892c22eef14d169e24e007a8e544d9,0,0,0
d2bf18703fd645bcb077523c3c200c30,0,0,0
c8e6c588d25d42cd8400a07db98c40fe,0,0,0
6f8be003180e485aa6312a534469785b,0,0,0
650897afb8594b7cb9bdb89f4ec38f7d,0,0,0
ecff9ecf0cfe4d8bb83260fc092f3b00,0,0,0
3317348467784b19925a007204cb7f17,0,0,0
c173f74f5a284b98b1ac17917c4c356e,0,0,0
13faa4c86406405ba802f5bdcba744ee,0,0,0
57b84179a9a24ff49697d9349a21bc60,0,0,0
bb09a1003aa448bbb67af68428ea1103,0,0,0
3a9a0cde4ef64fe59d63a99a93bd149d,0,0,0
cc03fd369f254cd985894b77fd8babde,0,0,0
ea5cf8f62e1e46bd805e248b8286228b,0,0,0
312c145aacbd4014909e033462abdd9e,0,0,0
6574e941f0be49afa9fd447b99b2e783,0,0,0
effea130a5984e53bd2bef2bbe4ba4c1,0,0,0
067ec17ab4314effbaf5e67e5acfacad,0,0,0
6e5f25022c4d4dbf9a7f35bd77cbf296,0,0,0
df3ac1cd80ac4b4f87cb58a6a5ec4bd3,0,0,0
7fb0cc6c0754461ca29084c1d793b600,0,0,0
1674e74d24cc478e832b252de024bc9b,0,0,0
4d333ced35694b128c5cea2467cfe87c,0,0,0
bbac569878204a37bb6482bc5089aaa5,0,0,0
0d258e8698254e6db674bd4bb11ed8d2,0,0,0
01f2401b5f944914911eece07c0f3ead,0,0,0
e3d01ff572e44b4aa1b3df620ab9eec4,0,0,0
fa1974a668c94fa393eccece0be0ede3,0,0,0
378fb05cff7f473195daa253bc3fa4df,0,0,0
58f71a450eed4d878a9b9e6a67ad6f39,0,0,0
02d5d7f4541048d8b530bb190c13b6a2,0,0,0
b711654d9789435da19337b03e468de1,0,0,0
28c09c307b11487c999f88e1e9ec3231,0,0,0
b06d8e41d53344a582844f5f560d27df,0,0,0
6e080f6fe8e64a0693b2495914f18dca,0,0,0
364f2ca5c2dd45cd95dc8d28b0d53903,0,0,0
92d6818b71734d2c9267bc430f4f6490,0,0,0
94454c1b315a44d196fe92f48ee83804,0,0,0
52fbea82ae7248eaaf97b1c6fbecb024,0,0,0
fd7ac20630e24aff97bb73f292d0da12,0,0,0
626cac28fb084c17a09dfb81cfe01f22,0,0,0
72f5856a420c45a9a790ed3f9ae17a2e,0,0,0
8025576c59c04913bc7df70a8737ecee,0,0,0
0eae51fd57fc43a0b17c04a87dc559fb,0,0,0
8249032cc7ce45588b8a93ad0bbbfc2f,0,0,0
5a958f240c5e420488d1129208451602,0,0,0
91c1b800925b4c2fa0a4fe57705b8a83,0,0,0
fae83673fc694cd9a18c215ce6d92c58,0,0,0
8c49b7ce35b8412f85553cdf572baa2c,0,0,0
