261b527d225d4fcf85f580f3b304ae36,0,0,0
36851a5222e54eb288084a0f3e55340e,0,0,0
0a615b9369b74696b3babe84de5d7a8a,0,0,0
d9c135bdc3bf4abdb06c89c8722ac2a1,0,0,0
9dbeee64e93347bea1a127a7cb3eea03,0,0,0
503e9158558647fea49c1e6cfd0d5bc4,0,0,0
890c5356b4da4a418e223fc9e366bf89,0,0,0
8a12480e7006496ca01c288e8b90e471,0,0,0
f2e70fe81e7241139c7483b3d09cdc2f,0,0,0
0674ebc36a2048828d0ce0dc80751886,0,0,0
4edc8197749e4379b34c663f9e370a80,0,0,0
ee4d521f9b174894b7b595e1b56ee901,0,0,0
3ae10635160248a58e2197541e621ddb,0,0,0
78012bd258674d048a39788bdcec28ea,0,0,0
fdd61ffd5d834bf3878fabc9ebca4094,0,0,0
700e564b1a6f4ae2a7a230639c9f2b7f,0,0,0
b9dbbef4ae9a4646ba247cf476b1baeb,0,0,0
67bfc67489fc45be8e7dcb8b637c566d,0,0,0
e5fc4a655a7a451eaec61f1dcaf902de,0,0,0
a0538fdc778f4a90ba3b0ef0f40d5caa,0,0,0
1f90c24e3d5a4bf798b9409b0e9d423f,0,0,0
fb7e82f5b99340eabb9a579772176b33,0,0,0
6fb42054fdfb4b6bbf3831589a8c56e5,0,0,0
789db63b2d704e95a468bf4e6332d8f9,0,0,0
41fa201781b6448db96e6a4d4f96041e,0,0,0
eb2eb655963a4be08e11d984c87586bd,0,0,0
7d63015552ec4845b1fec9cb22b2aef6,0,0,0
131ddd8afe144bf9a0d22bdc435f117d,0,0,0
7feb5839b9dc4b0e94d160c5af69d7c2,0,0,0
446fe55778194ebd962d419067cede1a,0,0,0
72f2dbee67884e7d9bd70158fe8e66c9,0,0,0
cacc1a7ffed24a21a4ea14a6643d79bb,0,0,0
5fd95f325cd24152b310723dcd398377,0,0,0
a212fb837e1b4a4eaf164fe09896d61d,0,0,0
b02ebc952fcf4ff0942c56b2b3251b44,0,0,0
736a864f92174a1facfc05a0eb246091,0,0,0
60434c00433b4438912eebe9bd2c6984,0,0,0
fd22cb9d82364bbdb6ea4fdb051a7721,0,0,0
828800b56f1344fd8bc10150ad1f6e74,0,0,0
5e7ad15a2bbd4a55a95560ee0121c222,0,0,0
f71c7ed84bc34651a65dd51ba28cab4b,0,0,0
a70662f06c7d43348cf1592a80e7e183,0,0,0
90dcb8a526504454b728d3f7951f153f,0,0,0
2985a27f4c174730b22ccb0f29699f36,0,0,0
001d8a657cbd41e7bf5a538e5768b058,0,0,0
68f1cface63843b6b3d72072a4a11fa8,0,0,0
09c10c580a0e4b4cb4f6f9445c4509e0,0,0,0
9f02cc693511409ea77d000606f10f1d,0,0,0
14f795852b794fd79f8867eb631fb873,0,0,0
479c8982b70a4ae5be3dcf5148b4c739,0,0,0
31510efb685f479992bae9af8104a507,0,0,0
318bfec461484262a597cc8fedffecb7,0,0,0
682b19fbab024b3ca81f62cd4d287ca7,0,0,0
5d3c26d4a0434ec38d2efce5dbf2c5b3,0,0,0
5395b0d960da4a10a3fa76ec47a060f5,0,0,0
bb06442335d542cbb733939a78fcff36,0,0,0
c66e1c0bbb6a4418bd97da9967ec435d,0,0,0
b54868e8037048d08f1208b26e887005,0,0,0
830bd3180a5f497d8631f6c8112792d6,0,0,0
100294ee82214ab39ad802149f4f1909,0,0,0
c1601686ff1d4d6aa7b01a1cb4bc7e00,0,0,0
b1ce0ca7853d4889ad9313a89b8150ac,0,0,0
62ceda9ff3dd4e0f9b63f3b70691d705,0,0,0
d950474d24d1474ca4b85b927aa958e5,0,0,0
af61ae476e8c4c6e9ee79090fd72f1c9,0,0,0
2e532d8410fd4761b8166eedc0470347,0,0,0
951cc0dd0e75482fafe85cec96376fb0,0,0,0
9977d41540f44813becd1f319db571ef,0,0,0
854eec676352475f90d1fb18677f9a8b,0,0,0
eea0bea649b64f6a8ec8d2ba6eaa8ec9,0,0,0
c130d4a1cbb642c0b7fc079969f2d6fd,0,0,0
3103ac3f8af84b21baa815a539ef2d1f,0,0,0
6b3e8eaf98a14207b9ec30d4105938ce,0,0,0
72c76f63e9124253b87ef7fe0b85ef85,0,0,0
3b67353ba5e64feeb33884037fa14ce6,0,0,0
0a7c88b186e6416dad35dadc4154ce93,0,0,0
cc6552274d7e482cbd3bf904d5754203,0,0,0
d9b3b2d4da2e421ab0bf916e8aef3512,0,0,0
6811d52593b740cb9047202ce1e8a1e4,0,0,0
a96b308a64c147fabbfbbf4916afb091,0,0,0
b0ed9edb0520444da200f5f5c1f92e4c,0,0,0
6aca4da5a7974141b5179106e1becd66,0,0,0
0d600d9a62be462ca3aa8e9c77d07d5a,0,0,0
7f2859e1af57442ea602142e8fc3ebe0,0,0,0
3c8b0995c325481a85ad4648931e5fde,0,0,0
139cf2b84c594863a0e437a5ff3caa6e,0,0,0
193d45e0b5d842e69acc5813e478f614,0,0,0
428bc90067994001952048f25dc4e57d,0,0,0
5bfd5d29c4dd4acdbca4b86a3f0d9d63,0,0,0
b59ade97c6674c23ba6c98612611bfe9,0,0,0
2db303a83ba541d78aa9ac23df3c4c7c,0,0,0
73a961a9e612400b9f30493cb9375f81,0,0,0
1ce731acccb04ec0af8f7992ae21524f,0,0,0
5eb29212d43d436ca60e05d19215a0de,0,0,0
7e8326b2742643919d565d01ff4cb501,0,0,0
858ce8552a0a40b686b4de4bc9eec65c,0,0,0
3ca0a0e34b9046d58a1c3fe2543576e0,0,0,0
d12a35cb161641318a92f9e5dd8915db,0,0,0
d6dcdf564f1d4ea28ce865b11ceea05a,0,0,0
241fde907a674d6ca8916fd2beec6dfc,0,0,0
634ddf341f6443118bea4195d06c6555,0,0,0
16897e2c8dbd48c3a44997dad1c3801f,0,0,0
e908015113524e25a0fe06c0f88d6bb2,0,0,0
b86b79b6a66546e58155579ef00b1e7d,0,0,0
81c89eb6368341109260f88eb14a527e,0,0,0
49c0ba2bd97644ee880ca3cc0d5a9dc8,0,0,0
2541575c89e8441da0419900ff2388dd,0,0,0
2fa65a1236d3450098b17c1855224b9a,0,0,0
0cf2849ea14d49dfbcdc1ab3af8b8e01,0,0,0
1bd459f9e678429b95ffbda52efa657b,0,0,0
40bd5db3c01e445d903b58f86beaf72a,0,0,0
f1c591c0bc7b43b1896d6c65eaa1f561,0,0,0
9c87bfbb759549478b4159a471d78826,0,0,0
21dca84e46e74021858b7343d8200182,0,0,0
80e307b885d1427e859c654eb2f74042,0,0,0
22cc9d0e399d4059a77fd3a9ba5ac049,0,0,0
454f883454684daf86530a34b6d007f4,0,0,0
998e746d154e4635904dbf9201ad133c,0,0,0
32e645590a554d8694a69851854a1c10,0,0,0
5a17727c63bb4c64bd10875f8d652009,0,0,0
a83bd24881e7417b959c51f84eb6a059,0,0,0
50ffb35ba8654fd1a6a3cbdd4e5a29b7,0,0,0
33a824661ad34d9391d80d87485b5356,0,0,0
4915a335349143ac8fed5a608e97a1de,0,0,0
e34627d6e1e740b88b2fcb25d08e4029,0,0,0
bdc130b620914d8aa178fd0e21f27c10,0,0,0
c2f4ac1cd281454d80acbc4d79c12aef,0,0,0
2142035ff0ff419f81fed8875fccf577,0,0,0
1e87a0b7776d48c7a05569b182f8c3a4,0,0,0
9b0ea58d8244411592f46e0c560d8595,0,0,0
547c469228044c6999ce9384bd83a1b7,0,0,0
28472c433dc74f21aca3fa4722bb1666,0,0,0
b47347c7d04e40d084f4f3715e166330,0,0,0
599f73b398ef4e738aae7f557c0b35c6,0,0,0
c9c13f12237a4cf49aa78007ffad5d29,0,0,0
57180afbe3c341b18a9483752afb6f9a,0,0,0
4a9d28ec80c94f1cadedb3e17667cd29,0,0,0
f96eb45fe2fa4c38a7173a02cab9050a,0,0,0
5f04c594ab574a4b9f4535abdfab07e0,0,0,0
70be058041854ca4bcfae120bfb3fba0,0,0,0
1880ed0a5e3144739cd5fcaacf3b4dfd,0,0,0
bacef43d28c74751a7bd62578d443053,0,0,0
3c4a8eb4ef504942b6df1937932aa3f2,0,0,0
dbef8aac0198493597e8e5aec0de17cb,0,0,0
bc28e77e30a94f76aee87ac07949ecc4,0,0,0
92b354c34ef04db58d7df4a754253ac4,0,0,0
8a114fb97390409e9f438a77f8fe913f,0,0,0
f7c349c52d7544ddb06ebaeb47ffaac9,0,0,0
23529d8037d541ccbcccc986d779f269,0,0,0
4e3ca18a1d6848529e1e97e841b3faa9,0,0,0
d8401d8f05d84422a3543e9a1e612d11,0,0,0
60ddff235ac44416b783febc3fa613b6,0,0,0
047b99fae29f402993cc29a73d29c977,0,0,0
d359f126c7b6433c92afc8ee3f327f59,0,0,0
b31ae8536d72434ea33243b17fc0dee0,0,0,0
4ed0dc66de83415196cb59d120b71d55,0,0,0
32f8f90c0eb247758cb6cc576df52a46,0,0,0
b682278fff3c4478b2f6e2012e31fd18,0,0,0
0a3c3886d45044949211b0d0f243b720,0,0,0
08a9899f92e54a88b14ded82908ad7fa,0,0,0
ce55b83aa694421a89a9866dc7c6b7b6,0,0,0
9ef575278a80426aa83858b08bb1a963,0,0,0
2123d2d754d741d2b1de4ea8328bba51,0,0,0
7e78414b83ee4a378dfdcc91c052be65,0,0,0
7bb74d11234146b19b211e4b1c319cbf,0,0,0
ee34e33014c94bf79cda5892e2ec6b24,0,0,0
c51baa7dc99849c4934d01a94a268c23,0,0,0
800af5c5995545ca9b1923533c5cf316,0,0,0
45eac43ea9054cbbaa91863a5aa202fa,0,0,0
c709e0508ab94b139f42d19e7f0dcb53,0,0,0
c66a3e6ef48143f5a86d202e62515386,0,0,0
7c2ba622b1ae4a68a8dc97c69030da06,0,0,0
fa7a37f6b9b44f7cac2d3e4cf0bea71a,0,0,0
a9842ed3d2064064a0c6a8c661916237,0,0,0
09e4e508dfb542bb86651bf77d36a64e,0,0,0
e135742feac64c4c80d13de511c768b6,0,0,0
ce23b2b514f449a0b334dc15146fc14f,0,0,0
f48b2bf8bcc64c3ca36d4190669f333a,0,0,0
152355d224574b17b3be41aa6edf2b41,0,0,0
42500d43b2454445a68e90f16aa5ca15,0,0,0
4486a4f9a25742c98cdd93b72fb3220e,0,0,0
f97419bd62f6462fbbf8fb8adc4dea29,0,0,0
d3e8b8227bae4a98a88d307d56b02908,0,0,0
ef22fd41921142d4a36d6354d2e10d23,0,0,0
33bea45604484e13bdaf280b2e8de538,0,0,0
f5d15314913f4453aca1219437398794,0,0,0
c6957ec905d04ac8acab161452470981,0,0,0
9a549b18c7684ef9b6e7be5f989df276,0,0,0
11df14e4d06c4d098f75eed3b847e3e3,0,0,0
d7627e3c55914593a2d14f1a9512ebce,0,0,0
e4fb260227ff4f5d88c1ccc8e4dd1e75,0,0,0
bc497ec23cba4e7b9630cf20f5a73b03,0,0,0
b6a9f93f5e264750ad8159d4b93ac177,0,0,0
87298f50ef9140d891e1a06b4f1fab8a,0,0,0
78851de517464ff6aaced75d7850b5a8,0,0,0
976a7a79035a4583a10624453174d94e,0,0,0
10e1ff604f364dedaa146d4f387399be,0,0,0
d63f17ffd240402899fc90e069e20da0,0,0,0
d547331b610244018371be43294f36c1,0,0,0
