bd04b2e000f94f0aac3aa3889cbe7f05,0,0,0
fa7153f773f14d04b46e2456e31b623d,0,0,0
2d0f875b31fb4f6c994916d8835cf874,0,0,0
fa019ebdccf5448a82de2f9e23a9bbd2,0,0,0
bceb3f4b60374e9d8fe10f09c121f09b,0,0,0
001bbb5e23924117ac9b95c36ebd2089,0,0,0
670d5fa1a90f4075be5fc34f7e601739,0,0,0
b8a8b60017754621acb90c0ce0ac0d5c,0,0,0
fc425901fd1541c0b8db52c39db1055d,0,0,0
ce313f9df2ae420d82c76e8cdf3bf9c4,0,0,0
ff4c185556aa4879b2a3b99a7fb5fdb2,0,0,0
f95abf8f99784fa998eb3cd4136b239b,0,0,0
3d0da21b8cec48dca721a5db53a2752e,0,0,0
f3769e2f4fd549efb0492a3e781a125f,0,0,0
f5f3eb7c88aa41c8aa071137bc71652c,0,0,0
5d8d55df71eb4353ae8c0675bacf7451,0,0,0
46f7714ebb134431a1616aaa1a076daf,0,0,0
dc0147a001bc4745a08d43c703eefaad,0,0,0
a6ee4dd7771b4853906ba5b24d314d7f,0,0,0
c2c3a7c786cd4b669d9326861759c5e6,0,0,0
7c20a8459c574d6da951399cb9c7f923,0,0,0
9463550243f742c1b892a5a0ff6fbed7,0,0,0
6912aa1679c948d096ab7cc90f142b3d,0,0,0
cc227bb1e483401e9aeb44f375f793ff,0,0,0
bfce57b13847413995bcd9c5164da8a9,0,0,0
b867a3642cf14c3abb496ad46a999221,0,0,0
504ff32c211a460dad6b1c299a6798c9,0,0,0
c17d8519d89e457e825cdc19bb63364a,0,0,0
dc81b03ee78549a89d46ea96df338e3d,0,0,0
a33140f6652e48e2a3a2a31bc03a8525,0,0,0
6673e7995dcc444eb18cf01845cf2915,0,0,0
3f97ec2552b1459986db22c9e37295be,0,0,0
cc2867b02ad949d1a00ff9ea31c2a72e,0,0,0
94f6484cf0304e8ab3a9d6b9a341077e,0,0,0
3e61d0c2d61844228ba0fa2c023e0d96,0,0,0
65e2b3cc26cf4a5e8eaff9dbf3f32e75,0,0,0
968624f5bba64f7599769530af705e35,0,0,0
0affd60e9e4249858dc9bf84639fe86f,0,0,0
9bc4e08cfd854382b36ffa58d0a92835,0,0,0
c4f8316681bb4d888f13c42da4d81cf9,0,0,0
a4d86de7727e48c3a407559ea4e89cec,0,0,0
aa45b2eee14245e4ac6b739e87c2cdd3,0,0,0
522425f0bbde4a8caecbe2502664e7e4,0,0,0
7162b93e781743278b2daf85851cb51b,0,0,0
44590e0cc45a4c42bca4e7617762a9d6,0,0,0
c25ef22bd719479a8bf9ff4727058837,0,0,0
ffac63602a424b0491ad5e6d23d597a2,0,0,0
04aa5667470f46d7add9cd55457cb1eb,0,0,0
06234ceeeb154b8d8671a28ece5bfb58,0,0,0
6281306df0e4426db9beec712e51863a,0,0,0
76932a32780446faa3f2efa18a4479af,0,0,0
72bdf3fff9f3475fb0455b41ab23bdb1,0,0,0
02bd5a1147a44dd8b9c9e99b8938dc2d,0,0,0
701f930ba1f4484582ad209620ef7ccc,0,0,0
824d1c484b8b481d9a611e2f15ff7cfa,0,0,0
74a3ecae7ecd44a79ac38b59171f4301,0,0,0
841fa7a48f634d6a93490fad623fc7e6,0,0,0
3d75ac4ce1ea4b8b99dcc91dedb6f5b9,0,0,0
55580c1865a64450a14b61a67fbddd6b,0,0,0
ee6fcde5a5564e2e82ecbdb684553468,0,0,0
158ce83a5b744b2190402f97cc952e18,0,0,0
a97d2313826c468d9106321620708a20,0,0,0
e7c44d9ae8ec4ad2954177ef2d9291d1,0,0,0
4c5b59ea30d14d5aa3a06d067d2d383b,0,0,0
f380d13e109b42d7b7e5d0eb91b03dd6,0,0,0
2640728793784b6c8bbab71d1f1da711,0,0,0
6345e0f486c64db9922d6b334ee5d352,0,0,0
b79a44a426404d9e8f3ad4d5b8c3a087,0,0,0
62323e28641a431ca21f2a3fbf4e2be9,0,0,0
3d381834efda4ca88966b606c5bc6752,0,0,0
cfb080a683c94bec8348ec414194c356,0,0,0
240c2998e0464131aabb1d575e7aa5e7,0,0,0
3141a00731fe4f799d0be524add58959,0,0,0
6e0f90a3e03d4973a208ed8c32cb6839,0,0,0
79d9ebbccb8141cba52488fb52149826,0,0,0
1c9f145ee058479db016599b6ff06f8e,0,0,0
d099b99f262843dcbd97bb665855d248,0,0,0
52c20663773f406da8af0b2c7be7f108,0,0,0
bedfa648dc7d46ce8235cf90c67a03f9,0,0,0
790e64da9ec041cd8aae782f6d3d890d,0,0,0
a6f0014c369a44d494668c117c4235c5,0,0,0
fb4669afce924e2aa2ccb8b274d38d50,0,0,0
c2a26c02e9a7479ab71fdcdc08de2088,0,0,0
2446367876994bf2a3c75d1b245a303c,0,0,0
0f986a3d10714bf59dd58b346fd924f5,0,0,0
7606ea285d5e4a9280220c1d823fdb80,0,0,0
05fc26a1c41b4e53acf49d8dd44db405,0,0,0
3dafab1bfa964998bb04716adf9eb5ef,0,0,0
4f63315e7d8e43c998a380792044ab65,0,0,0
ed4069c50bb74d388f38798000d40c40,0,0,0
90aa71661365407aa95b034a234a8f7d,0,0,0
d57c1d3258e8465ca94a17c8abaf0153,0,0,0
7ab9aefcc7d443fda0c5545e106c2c04,0,0,0
be86fe07874c487d8238fe6fa97b2b65,0,0,0
1de200835df34218b34607db2539cb1d,0,0,0
ba7ce67916a540399d8b6d7e7c5e4b1c,0,0,0
73ec061de46d4bfc98048de1483771f0,0,0,0
595e33ba872d4440b50a90ec42f13075,0,0,0
e9fa9291c1e140aabfe4bba03e64a9a1,0,0,0
543b6ae7daa84e4eae377957999e7c8e,0,0,0
2000a1afa1014ba8b016ed90b24b3ca1,0,0,0
3866ada8b80a4e80b87c3797f0f4ddc9,0,0,0
