ac03b99e3f3642be80b4d24fde0af03a,0,0,0
ab94f4d54596413fb89e01ec9b2fff65,0,0,0
92f86d20f76f4c598c06cc33dac8d548,0,0,0
979426d6a1ea42e29cf5c3bd62eba342,0,0,0
2e52341d21b940b5b38a9e26c4cf4200,0,0,0
4984fc9f1fdf4ff7887430f71b9ae392,0,0,0
af02390086914efba77d52b86aa70d37,0,0,0
2e03f2a46df340b080a7015d83b4736f,0,0,0
815ac6f311cc425d84085b5f110b62c2,0,0,0
782cb05e39a14434bdd09ff295c0354a,0,0,0
8293a0cff5f145ecbd9741176799291e,0,0,0
d794889c5d384f8ca3219678963031c8,0,0,0
1daae4b7becc43949516096170ce2a76,0,0,0
f7ab5b3ece274b48be57eb65bb6d4814,0,0,0
cd47116ee6264bc691811409bf779f34,0,0,0
15db0029a9844a5c8f8aadefe7178d10,0,0,0
0ee61863ec0c4c06bac95fb886e98945,0,0,0
fa7122ef2199445485623708ea54d018,0,0,0
4273c4dd97974531b5256f96204fee47,0,0,0
bd4e11be09984e629481101dcbb90fb1,0,0,0
4be60d023dd24246a79a9e7678bd8430,0,0,0
668afc4dfc26489eb3cb2ac023fd9746,0,0,0
4fb8c9be319e4784b4b66f9ca5d839ab,0,0,0
2594cedd9da64c338c1ba98abed9efb3,0,0,0
c2894a7c4d5247d9bf424dde8671ac1d,0,0,0
dc189857232643f9a17d5760ebb07b02,0,0,0
3954fbd575554473a8efb647d02d9671,0,0,0
f624a40d100144e696a39abe258ee090,0,0,0
6deafeb981834c9a88eaf3c033fc89c9,0,0,0
733be20bb009430f9624ab2b791b3a06,0,0,0
ec65e918bca24b998b784a658e90a92d,0,0,0
8783add8825d4ecf8eb1f2af3c22b8df,0,0,0
9a477352c0364b76839862c7298bfb8e,0,0,0
710da9a279be4fa8bff8997607fde63d,0,0,0
5d5aa3fb8039496b9930c0ca09d277c2,0,0,0
1d316dfbe35f41dd9203eaf88be5aae8,0,0,0
891cb55a08dd4aea9ee76656f6b4850d,0,0,0
58436b0be3074ab4afea7c071191cb12,0,0,0
192fb2a16486430a96b34dffc2e8cbbc,0,0,0
d72137c926c94532a63bd98193273e22,0,0,0
79e71ae1dfc1422abfac38999a33fc77,0,0,0
b0a7188b1afc4f648bd497af5202d978,0,0,0
2f1dd90f66c64ef5bfa5255692e7304a,0,0,0
e328161a80974948852106f2b43be3d2,0,0,0
a3ee9fb71295423698f77a7979910baf,0,0,0
8873cf91acfb4cea84c2712da67aa7c0,0,0,0
1f8ee74dbb254dff85771776279eae94,0,0,0
5f9b1db7cc1748c2a71d9924bd1f4fa3,0,0,0
d08f0e14da3b4d1bbc760d73b3c3ebea,0,0,0
f8d915e2d06a4ff8ab6f4cdaf3e42295,0,0,0
16eb46a968384060821cb59d0e04f4dd,0,0,0
f83bb8e47d09487baa9d10adcd584e0e,0,0,0
c904c55a5d0e420bbd6e4e030b9fe5b4,0,0,0
c29b4f1d36ec4692958225cac3a70ba5,0,0,0
0e3f642a048a42389f79daf3adee6970,0,0,0
97568b167b2f41599faf06c4dab447d7,0,0,0
e85f9caa15a64aebb9e9138395a457d9,0,0,0
93c08bd7515647fdaa2ef1239d02983c,0,0,0
605d6ec9bcd343dc807580d204196b89,0,0,0
b7f599d72b4443a6a798c24a71047e9e,0,0,0
0977162f6d4e47f7b3764379ba68d8db,0,0,0
75ea3fd50c1c4b8ba66dccc4247b8b81,0,0,0
1ff35596f9cb4b98ba4f08dda81c1654,0,0,0
5d711de78dbd400aa4cfd51fc05dfbee,0,0,0
86c7e095a5bd46cf8d2e286ab67d7ded,0,0,0
18653fa3d6ba4f82889237201ee07d11,0,0,0
93ae7faedd9d4f7e84e6e0321ad87abf,0,0,0
10157b7114c445ed86f982a6c215adb3,0,0,0
a5b1928b6c1144bf8b7fda2317debf08,0,0,0
dc570c7a04ff47cca69c3514fe87983e,0,0,0
9d8cde25f03e4b7ab9d3cb2bfa3aa44e,0,0,0
184edf3d3a4d482dae288e4811945331,0,0,0
d88c41884dc24efbb5c1b7dcf97998e9,0,0,0
605435c04d564e878cc6fad8e5ff5a12,0,0,0
8fd980702db14e348e93943d61fdfb9a,0,0,0
f6c327acf9884d988714467217d67dcd,0,0,0
9ea44afded884fcd83bc05d7f667c225,0,0,0
5117df51d5b64847980813ed0519f031,0,0,0
40a31dc1cd3c4c0caf6507f26d26d082,0,0,0
7492bd7b6cf5477abea81b9915a13e73,0,0,0
2224be23a70a475ea6daa55d4c90a91b,0,0,0
d2875e02333d4dd991e866786a87c1be,0,0,0
6a856f5cb71645558f9f9ee069f37f1b,0,0,0
511976eee78f42e6858dcb7845a44777,0,0,0
12c84e77f6564013a032220e8f9037e8,0,0,0
766b9e9f37944c659b55a336b4db3ec5,0,0,0
c99a46e9b4e54442ad1a610739537a1c,0,0,0
