718e7b8d4f63458d951d734b777c4562,0,0,0
6b5b3af64da14b31bd71ce752c5be0e2,0,0,0
caada625c5b4460da34bd695539db791,0,0,0
456873879af44c6a90ca9b2c9dcbb0f0,0,0,0
7ab6ad5c2ece4bce86a867aba2814e31,0,0,0
c21d4e9381cf4021a3204795831464c3,0,0,0
85541431cbaf4053af5fde8bcebc4d92,0,0,0
114842471cc14a44b2f284c943281413,0,0,0
cc7528acf922480cb0a9169d4e539e70,0,0,0
5a158ce64e934236af9dccbecec6e16b,0,0,0
60e9c84ab617491594f5c2950cc6f3ee,0,0,0
7b99836e3e0045f2b5cc212e8181914b,0,0,0
adbe4f1c6ccd4dfbb3752685700e412a,0,0,0
fc54060df0b540cca6c490e2524ee4e3,0,0,0
2b8074f44cbb43e0949091be7cc1a7b1,0,0,0
1223ee164fc040c0bd13c366f7a22059,0,0,0
8ae0426af8824849ba75a6147325c30c,0,0,0
9ec67b93aa244cdcaf3f6cfb4572300a,0,0,0
e8bc16aba1c747abb860a4f5ad106142,0,0,0
9c90566989cb4f9f80b711d1a9876e1a,0,0,0
ca6802bef7144bad9d5d1924dada9d9e,0,0,0
1f701e524a6d48abbfdf40cd288cf1dd,0,0,0
c9c7e587898246c7a7af4d66b624c17e,0,0,0
cff2c62e83724edda036bbe481bf181b,0,0,0
334f156071b34579ae4772f623b03429,0,0,0
44e14ff2fcd34fa9a93265e53dc53b52,0,0,0
6e31c6927a6948a7a32918d626028b8d,0,0,0
2f4d90acd4024c269fb0efe49a8ac540,0,0,0
2ed7a969a2d94eeb992c4f49d59cf0d7,0,0,0
a25a1fe848e044a99a0033878cd108bb,0,0,0
2fd10d37b87f46d6b4e0501aac549c6f,0,0,0
77b24e884d9f47599994c1ade95f0b89,0,0,0
b29274ad819d4011aab6f538373d0ee1,0,0,0
12eaa3a3a39e4c9fa5106812cb7da084,0,0,0
4ebc0f4d023c482ca72e8129ca042c13,0,0,0
183ac7f2f1eb4905bee16fbb5e4155bd,0,0,0
c5c6bc7725e44fbf9cdb474aef50a74b,0,0,0
96c723cbe63d489295a0cc3a99438f08,0,0,0
b6adc65d8f474cb5936220f90648b958,0,0,0
a31805b1b6dc4947a9cf22f16850a142,0,0,0
3d409564a59c44ea84fd79ddc8aa4fc9,0,0,0
6305bc16b5c342fea87e0a5ede50f960,0,0,0
6944cb3d349a424899b2ed5b4c972763,0,0,0
56816d70daff465b9fbdf63c41479d22,0,0,0
227efb9ab28046fcb020e116f7364b4a,0,0,0
5377d17e2a4d4a28abf16709e02e97a9,0,0,0
42913b04e9ae46119b6463db48e36c02,0,0,0
3e1caa061ec04144a0eac5c40da7c04f,0,0,0
a0f5e86d93994b44811a47211797a1a6,0,0,0
83404d7a12fc4749bf0cfff1e1e07987,0,0,0
deb30eecfa4e49198ba8473ee803622b,0,0,0
6c86f8dd156142a1972e3c17310b6376,0,0,0
cd504d23d03944a8bef4e4d8c4975cdc,0,0,0
cdf8c27ef42e466d90f49aca714a048b,0,0,0
f1bb3acca4ed4aada739514b1f2a44bd,0,0,0
1d789dc0ab3a48c8aa051f006d8ae874,0,0,0
442842acfa87449da76aeffe232f79b5,0,0,0
5c06622119ed4826a572db59737bbcde,0,0,0
e48486bb391449b2becb28faf44e515a,0,0,0
93d573750b644acfa31550dfa1073e68,0,0,0
803fe63ef23e4c06809c1722bb3e198e,0,0,0
96f74cf5e546437a8711fa4922e819bd,0,0,0
acf55e0267824aef8e8b9ad200e36091,0,0,0
6855b783e2f34c7981b90ddb5de81bd7,0,0,0
4967e9252dec465db94b791223a67a2e,0,0,0
7856a3d706f7400bbdbd8410d40f832b,0,0,0
3ced7afb8c244ddebbf8e9f8eaacb949,0,0,0
9a0c4ca175e74e0aa31c73c3c82519dd,0,0,0
ba8b23a7aaeb463ba565174f9f44787a,0,0,0
ba985dab6c6c4e9793362db986a1adab,0,0,0
c4df223ecc934eb2bea5b55b8e004a4f,0,0,0
ba988deba1354f14bd4ce8569576e314,0,0,0
d4ecb79c2639408c845166b646262ece,0,0,0
86958e49dad94db090a8dd520b4994a3,0,0,0
d179f4cb2d2d40b0b4fdf3d37da78f48,0,0,0
5bef72c3da8d49e4b62a50234fe97cb3,0,0,0
3e79242dcaa44114abe4ecb4d9ac5ba5,0,0,0
