efe359ee05ea46c587196354c2d1cc96,0,0,0
96478d4e66104792b0481887c85255a8,0,0,0
a8b6824c0dc84fd4bb221e700659b90d,0,0,0
1dc09ae6cd914f67b9234869e5e11104,0,0,0
4c6a95e53a7f4f959d32d281d06b086b,0,0,0
156af10f63d84956ba5dc4b9fe3b2140,0,0,0
e1d49f9c53bf45ae98d0dd8fb613161a,0,0,0
71f79f342cde467ba037a196c4e04f6a,0,0,0
40c3d461ced54be485f5d6144952f2de,0,0,0
6ca411a8612d4a569362c6231dcf1b68,0,0,0
8b41e8798d78402f9f36b242972d729b,0,0,0
b7016dcb34d747d2b18281748a257f5a,0,0,0
0a709d588fcd4ae5badd921366074d7a,0,0,0
087babe565fd471381ae7adbf938f5fc,0,0,0
435549d3ad0a4e44b93f2e2d4970f762,0,0,0
0ab3970074fb418da34405440e01093e,0,0,0
ef8e9de9341940d8bfec040767583f04,0,0,0
767b8a80115944cdb2241eda3895c635,0,0,0
7a920bf869fd41099e44a0829f818361,0,0,0
45ee2d428b7c42a98afe21f68a8fa298,0,0,0
dd7f5cea4ea04f3bae0961f6a9cb39a2,0,0,0
0c0617d40f4040e4a9268eddf91241dd,0,0,0
11ec36e3d78c43a389366c5159069b0c,0,0,0
f725778a3e3b43679f3c5d334021107f,0,0,0
5c3fa398480741ff9d996b26596e647c,0,0,0
8255979462744450aef8a399712c0d7f,0,0,0
5cd96a7c879547eda2a90077c79bc7f0,0,0,0
c446ef907a7e473fa3950db0e3d116f0,0,0,0
a42b0b5c27b347b1bac3ed3e145785ba,0,0,0
93a2a75ca72c4f99bd6d86059b298b17,0,0,0
1dd50bf3662244b68314b8400ebb66b6,0,0,0
cb4041ea2afa4816a136fd5e1ea363f3,0,0,0
c5f7387bbf2747aa8686f8f226935a90,0,0,0
ee24136ee9824e828b68a928c4801894,0,0,0
