d21aae0b5d944f27a0074525c803fc9f,0,0,0
cbbff2fa222241dfb2e16f3dba643e16,0,0,0
f2e1eac31dd34fc9b84caa47fea535be,0,0,0
f032c9ee981a4462914468785f0a4abe,0,0,0
0fd8c430bdb34aedb5c11b56ceb13b63,0,0,0
10eeb0fa152e4f9a89dbe53f32b43a86,0,0,0
67ff5dc94eeb4675ba3a2074ee5ca22c,0,0,0
5848b29e18924f5594fbec08340fb7a9,0,0,0
a0a6410614014f36835760542b4cf79d,0,0,0
ca75317572dc44509427cf7b2caecda6,0,0,0
4304b16fd7b744ec8cd9277d0adcb4da,0,0,0
ffaf24e85435430ea07c697b9332cfde,0,0,0
0b2466cdbed84bdaa8524a4eb90669d7,0,0,0
34d76d6db3484d04a47482685c9ab420,0,0,0
c6221b7f72c04623a8396e3f3bb14bfa,0,0,0
b41bccd9fcf7498e9a30af072d8e3c2e,0,0,0
6ee4b38dbc684eb3a7ccb7a4b2f36221,0,0,0
77b63a9f928e4dda898ab31c0569ec99,0,0,0
d90dea9462374ee08a44f35e4505926e,0,0,0
62e602fc5b85463dbd8f48ba625d05ef,0,0,0
6c481629dd4c4604be5279f08b639c4f,0,0,0
adc00d8eaf1448b8b57fa552779ced79,0,0,0
c746fb38d1ca4490a094a97e32d14af2,0,0,0
4f278b8e757046919bbf37269dd0d017,0,0,0
c3f75cb415554a919dbc49eaaebc702e,0,0,0
818d69716786445f8eef89a590ec3f52,0,0,0
5186e9da9b4248318f4a7ae68d11da15,0,0,0
6c4ef6ac616042bc9fe4adc5f6d21b10,0,0,0
cdfc3c6dee2f4488bc0a5d77b7f3ad8e,0,0,0
ebb4d6a92d504053bc2420ce1b269c54,0,0,0
c75fd37598a0457e83b654dbd0990934,0,0,0
410b3939a8c24ab8858782fa544d704d,0,0,0
69529699198543b2b65c954461d5ff9a,0,0,0
044e97a033194bf19af45e3100a644df,0,0,0
e33610a744554c9d9202fa95100304ff,0,0,0
9871b1fb068b495fa3e2ddac2f54cc16,0,0,0
ff0a2a0f47324b08a5f654b324f9944b,0,0,0
6a0eb3cedc6847efa4044c75ad7649a8,0,0,0
04f548967cfc4e98a79d1e2494b74606,0,0,0
cd6357a188f041d09444f1ce273f5290,0,0,0
71c4574785a44394bfb662c2e1c617bf,0,0,0
edd9ad6949ee4c87a89edec2ca8e3dcd,0,0,0
8f1936c546cb4b4d9a1f6a6ad8949e5a,0,0,0
37b040b5341f4f6abb47f59d60963072,0,0,0
c42200c0f39d4349835954277e499f50,0,0,0
32c24c4472f346bc9b292f8997b9f82e,0,0,0
9e665c259d394dff909391bbb1164293,0,0,0
550d66ef28114bef8525d3a2d6db9cd2,0,0,0
7921c216294d43c0b7be2ca634bbf6a9,0,0,0
264730e5fb744a3f800379ad7ac51c45,0,0,0
cbf8e6014d7143efadae4b1c6fdd962e,0,0,0
5456afbdce1d49489a6d1a178b3a7840,0,0,0
b6018ae2d13248f7a12edbf31f70b04d,0,0,0
814d9aba371640e5a70bcb7833bfe08f,0,0,0
bf249d0d4e364c85bcd322f564abc705,0,0,0
c7cee9420a28477593293777b783e174,0,0,0
52be196a34fd415fa984b16aa270481c,0,0,0
4914e12cb4a34f58b9e5779393e90a21,0,0,0
48c8e8de5830459aa06ebaa4ae2b91ad,0,0,0
7f3ebf20cb934e86b86b776afb0b5d44,0,0,0
bda2890778f04616a357a0239d216608,0,0,0
e0a8257d73b84c7eb0f227c52db0e51c,0,0,0
7bb21e85f02a4d468cd1c7040e46c596,0,0,0
12739585137d4681b1b394ebf6bcc936,0,0,0
491b9b2d5e63400f9b448e5603dd05ae,0,0,0
acbddf55f76043f2835d87f0c1a9ba25,0,0,0
f472684bf3aa4ef39f59c217f09117e4,0,0,0
e271a58ef80545adbb89d25ec15d0045,0,0,0
01b439d39a8f412fa1837be7afb45254,0,0,0
de70cd9787c248b3b3308687e3014dcf,0,0,0
276586d2d2e14dde82b112c03ccf2188,0,0,0
68fac2c327914533a1e698467c0b22cb,0,0,0
e0d2a4e22abe44d7810d7e448fff6704,0,0,0
ecf4e1fb7421476e9988c8823a311171,0,0,0
74a12d0675b54d6193ba63104a6a8e2e,0,0,0
5d073d9053ae40d7925c42e578396b00,0,0,0
aaab09df2ec34ea584e93e42ad0cf8e4,0,0,0
54fd5c128cbe4b2599804db60290ea4a,0,0,0
39e853b1577642a185f69726384e8236,0,0,0
3f67442ac0fb46a697005af2ffdcfab3,0,0,0
cf1ab29600a546cf8c82484c06b60425,0,0,0
558ecbf759e446f58af17bd5c1a6025a,0,0,0
c2af9032cf534313842c59dc39bba4da,0,0,0
a59713eed44e47cca397462601c4d960,0,0,0
b64a2ef467bb455aaee16a04bd9d7812,0,0,0
1e951fdbfd9d45bbaf935da945f5425c,0,0,0
a74be69aeed746e9ad24ba2f1477f84b,0,0,0
7c9f57c094654e9a9cb27ae4a2f7fa0b,0,0,0
cc356636fdbf45769882f5912bc6d009,0,0,0
f553a3287fb2438b979f09b09448c7c0,0,0,0
92ffe9fa9ea6437c88eac23b0bafc0bc,0,0,0
44121bda3e5548c19b595e16c8e59c59,0,0,0
b192bc595e9b4d61963030b9f8e01f4b,0,0,0
b3cb0280416742fc9dcba0d2d9e5d2f7,0,0,0
1b48df86b7a149fa8e90161265def866,0,0,0
