f4fb96ce8e874f609dab60c35534d9d9,0,0,0
0470d39378714812bef259ea6cd22978,0,0,0
7108351fe9ce4e5d94cb61fc609203bc,0,0,0
02aa36d91ebf4d3b987d54c601bd785a,0,0,0
299fc72374a2439fa5f668c48f2482e1,0,0,0
f18d8c88c8c045caaefc4ebc3484b0bf,0,0,0
46502cfe06804adeafc0782798dedaa8,0,0,0
0dc414c929d0466988a1ec272f8829a9,0,0,0
056a847fc47746c797b4d5868466193c,0,0,0
d13a3f03aaac49f7ab2b5e549c840b3f,0,0,0
03415d3735154bd3bf7074fd7b343992,0,0,0
15925c05373d4af785ecb3d5d62fe2e9,0,0,0
d53b33e89133452899d757c2eebc5f18,0,0,0
96066e55b9c94b23a956ffeaa7e0ad17,0,0,0
3979408b43774bd183c3926a810b8465,0,0,0
dfb6bfa10a1b49c989d10277a7f2dd46,0,0,0
d1d78bc07d8a409bbdb3235f00d13046,0,0,0
da60f1431aef4ad0bcf9c0de77b5e446,0,0,0
aabfafee82d0432e91b92338032c1f3f,0,0,0
6abe3777358941b59001f6ec84bb530b,0,0,0
15fe7aadc86f4b77a6ca637e5edb559a,0,0,0
0a91f5605f7c45509aa530b85bf51407,0,0,0
eed1d184bb7d4b9eb6b18f0755937e24,0,0,0
a98242f074ce428cb9c28aa4c92d610c,0,0,0
d6f04473f3854cea8c57852109b25cd6,0,0,0
a4cb33ffee054744ad6f6a43ae894b3e,0,0,0
c021c70e20cb4cc3aa954482ded1c24a,0,0,0
d9f19697d1524359a371bc0435213f43,0,0,0
425035102a614ca993245a6f2207b4d8,0,0,0
8eb93f74874f4081b27dc47758aba48e,0,0,0
c44aee57119b4b9eb9e8e1df7453685d,0,0,0
6138d958efc44eab810630671597637f,0,0,0
a652a49834244fe18c84a617bf2fedbd,0,0,0
60ac8d87f9a34151baff06d5372ddf45,0,0,0
9512857da0d140a881a306870b2596d5,0,0,0
f2ebe400037746b7aea07343fb529e0a,0,0,0
4a9dca1a243c4c03b8f1016cbf8dd369,0,0,0
2bafa1c7dfc84001beaddf532feb612f,0,0,0
80ec436f323345928cc44f360962a175,0,0,0
92c05af082744395aa9434119ca0cde3,0,0,0
fde84ed437a748d28c11023eea0d8416,0,0,0
fee317d652db45a2a78137ada8912dd6,0,0,0
0e319c291d6e43c5a3acf48b4dd5c2be,0,0,0
3d6caff50ab34398ab27fd8cf87ddf9c,0,0,0
96b8f2fea8f44ab294014b99c845e2d4,0,0,0
3d401cc04c8f4bbeb175defee2a64006,0,0,0
12300fc342ab4d54b9a19ff57889ce14,0,0,0
7471dc409d314c818e34f6799b654af7,0,0,0
7532e47e80ee41cdb6a0caf6191aae59,0,0,0
2731de0b62e14fcb8d742205fcf2948f,0,0,0
f2746351955f4214aacbf50dd12673ba,0,0,0
662a6b43a43b47eca87d91c09afd2ad6,0,0,0
9203bc8c7d2648adac338ddfd854589c,0,0,0
af020019b43e4ab883dcae79d24fe47f,0,0,0
3f3121206d654a95bb6c198291adbfcf,0,0,0
5663953a83614d9b98093f65a7ae9804,0,0,0
53db5931a8864b769bf57ddea79a812e,0,0,0
ac157f000adf41dcb2d2f5c9e3ac7a7c,0,0,0
f65d4fa347954fa0ba90f535f6b9bda3,0,0,0
