056a491afa534b17bac36f4f5898462a,0,0,0
3c3d6396295045dd9ccb349213aac87c,0,0,0
8b4f5126cabb464a9a7f8868219a9ec5,0,0,0
3e2bda227e78440fbcaf5ea18f128088,0,0,0
7f4979d13ad748669d9e55206b9681eb,0,0,0
d57d0493cc9b4db18e027a9777805255,0,0,0
5c901b1b8e594b8198337371dc0d9ffe,0,0,0
cb23dd6321364fd99dffde7d066934eb,0,0,0
a5cbf721bbca4eb2af0b1ab42c9ec1b7,0,0,0
9589cbd01cbc4f7aa9e840fc45663f4c,0,0,0
6c7301f898ff4b4c9d915dfbe887d507,0,0,0
5ae7323b784748f7a3c2f7c93d60914a,0,0,0
4634c0c3c11f4903b3580e014fb80deb,0,0,0
dfce0b29de62478583bbffdd7cbb419b,0,0,0
2bf0c8d4cbfd4e54a4659114bd93fec2,0,0,0
f7a2350f36174c5e80dce2d3b77fb777,0,0,0
890f866ff65b468aa4a83d106b36e512,0,0,0
acee0721d5ec4a80a29f2a2cbadc4bad,0,0,0
a903bfca12df44cd9dad5a2ccb79d7bc,0,0,0
382806e60765404dbee3f82894da3a47,0,0,0
43b8e298f5c6479d8f839c7cc7ff3fe2,0,0,0
fe74bed2bbc04c95a32236cd127280e8,0,0,0
f0c252b3e2de4519a6aeaa66b395a2a5,0,0,0
c22f5ecc360048698e71cad6542f07a6,0,0,0
1157d0f379f04c5ba4ad1b40bdd32e64,0,0,0
37066c7809aa4f8f9bae430b8c643c3b,0,0,0
7e0c327f89f0498da5dbd9e4bddc0e8a,0,0,0
2104d589e68e472f85188dc93da8e6e2,0,0,0
dc524a4004ae4faaaf8e4978f7ad7897,0,0,0
2ca64ac5923c499ab3e8f94063be38a5,0,0,0
5bba090c8530407e83e693d990aecdc2,0,0,0
b59d4c930d7a4b7f8df2f9a7ac90b424,0,0,0
c7f978da0ed64352a8b85f722f39e10f,0,0,0
5f78e750473645b39b267952e05a2398,0,0,0
91e9df140eed4de79b2350a13880ac85,0,0,0
1226e70df8e44d6596ea46945a62f689,0,0,0
49913376d9ab471a8fce92a8edc786b9,0,0,0
8ce00b6bb78348f08464752ecf264a87,0,0,0
d1a56fbfc2a44566aff53cab76124e44,0,0,0
819dd9c54309449eaedb5187527f28df,0,0,0
62e1c55d62054d149d3d23431ffe4289,0,0,0
811f54341f2f47598af9b341ca37153a,0,0,0
f05fc5b3af194c4294ab2ce14bafaaac,0,0,0
c829060ec33e4618a26ce971559559f3,0,0,0
5570782157f14e58903c6b929a64014c,0,0,0
4c818e9d1faa4538b56fbc289696dad8,0,0,0
318255b790114e3aa0d83e252c88c1c5,0,0,0
266e41e53b3a4be7b7b1943bf9adcc0a,0,0,0
b218a220bbed4a1eb63ec9941fc58942,0,0,0
c87fa317b51b4c009000739bc7cf4f15,0,0,0
7e07723e47f7460fa01aa17d1a314fcf,0,0,0
87c5df0ecfc34be3be7b828fc7a60c21,0,0,0
818ba7e9e7e344a2914d2af26bd523bc,0,0,0
911c920d891a479abefa5adf90ac320f,0,0,0
9023e810675e4d209d14bbae08584441,0,0,0
0b932e0fc6994c9b930646e41cf21616,0,0,0
55114b5620a54b688fa3d093bf276c25,0,0,0
d9478f5a86704ab4b612c53275be1e9e,0,0,0
13de9aa6438c48cba7d723b29ff199a3,0,0,0
662330a779bc48eea0e0ab7c6eed8cf3,0,0,0
9f87a56612484ddd9784377af43f9b51,0,0,0
78dd254e0ee04858a6c64d9383ca2f2e,0,0,0
89eeae92b2fe4b68abb274970a931608,0,0,0
fd0949b7763b44f4ab5a8de9e2ac1fdb,0,0,0
922f5dd4d8584291876c22dec6d06275,0,0,0
90657808956a486082e00d36ccf43db2,0,0,0
e195dc5944ba4bdfada4ff2674573462,0,0,0
1847261760224ca98686a4882ecbf099,0,0,0
72db3b5a55bd4bf99fef4c0774263fa1,0,0,0
75548ecdd3ef4d69b25e8a59ba861f56,0,0,0
626241dbd7334a45868a1092a3e195af,0,0,0
7f0e99a1c2e2471ea41d91cf7acdb770,0,0,0
8bcea50c2144426cbaccb00edf38ebf1,0,0,0
846c8d973a1a460ca942e15733cddc71,0,0,0
78113ce35ab1428b84f9f0c8cda346dc,0,0,0
44d3d5764c7e4385ba9c0f5299815cc6,0,0,0
5a829e63cd8b4ba1aa176297ac85d376,0,0,0
70f8cf3a6cee40a0b19b52c143a70b4a,0,0,0
db42868ee24c45dcb7cd4f5ae61f47fe,0,0,0
119a529d3eef42ef898fbee6ca019866,0,0,0
49693be7929a42b0978bdcb6b0862073,0,0,0
80055e4f7f804bd28d38a2db363f9dc7,0,0,0
0122260ae9164324a5062f6d1059c06e,0,0,0
239a6c22079a4668bd1df0fb3720c962,0,0,0
aea0f7739ecc4d859bcca9bd19f8023f,0,0,0
06b17838515a447cb6147f06dd358811,0,0,0
3a092061063d41c5b5e54e692341c62e,0,0,0
c1d33aa653f146dc8f13b6e713c7dc0e,0,0,0
4d4e6f02dc03499d9f2f877e0831a209,0,0,0
f51ad0a5eae14774abac510880e1f364,0,0,0
3752abb606954f6d968d77b2d06caefd,0,0,0
7802826b636047eaaf552c944f067dcb,0,0,0
b27d2a3779c1416380a8c66f1ad3d32a,0,0,0
6a7ba180aabe4c1ab62b12279f3cd763,0,0,0
dd0e3e7b6fb64a31ac2c61c8f10e9063,0,0,0
6458f284b1704fe28c6f144d708f0899,0,0,0
0dafd42471b843da9f1935d98936eabc,0,0,0
18e3c05b91774b1b9200fa4b1966bf74,0,0,0
a3692798881b44e0aff4517def9b1402,0,0,0
bbb58ec45ea54a879252ecefa351559b,0,0,0
6f459950a2af471a8aedc59c92f7a5bb,0,0,0
302e8ac8ecf8469280b2fccb3d50569b,0,0,0
e580467633814488b0055f9e5475fedc,0,0,0
d626271d67ee479d8b2458d7166d6ec6,0,0,0
fece94182471459486c043185dff0a60,0,0,0
eec9cd2d844a420ab80e267ca56bea81,0,0,0
b7cee98a89614c518fc10b96d971de54,0,0,0
586320dcac014267ac7fe23ec4792550,0,0,0
764f4e2d11c24b8f9a16cb1b37dfc78d,0,0,0
ad3a2912de974a5690af5050e6ade942,0,0,0
4838fa0d949e4cd3905f5e1ba665c59b,0,0,0
343f046631bb41b1a32a58400bb7df15,0,0,0
0ef35d84418446f5a6afb03294742914,0,0,0
e9ed6ef28a5d4524b567d23c47f07a74,0,0,0
1f1625604f114171895fba7bdf84ce03,0,0,0
42c4e20fb0284553911bcf56e3a56710,0,0,0
32e4ddd0286947ef997ebd13f076fca2,0,0,0
3b66cacdc9b944c2ab2a1ea1a2276211,0,0,0
3797fe9d97b14ccda8c346ddd7cc1c67,0,0,0
f3aa7887b82f4e1787dca604277580bd,0,0,0
d7fd6e3ab372450b8f38600aea06b680,0,0,0
402320d6daa049489193c50de8c4f31d,0,0,0
1cff77491b994646b1614e45c8fef2e7,0,0,0
866b9bffd5de478988a2f3e164bb7f4e,0,0,0
248ed9053c1b4f669ec0243987442071,0,0,0
af2982c371134df79520b348071775a0,0,0,0
a27950d1af41436a8cfb207d9626b779,0,0,0
64aedeeb0e394ff29cd58ef2e9b2347e,0,0,0
54eba1ae831c4a5385d021ce4cf82237,0,0,0
03b95e03d2724a4fad746c4716c38fe8,0,0,0
8c77db8279a84ad382a298afaa6d6adf,0,0,0
14076756537f41749ce386871bf63007,0,0,0
5718221ad03f453b957caddfa136a2f9,0,0,0
20747c304a264be785fb31ed0c320295,0,0,0
d347f148995543ce8ae28d7c50ba5250,0,0,0
