730877da6f2a4c69a643096f89926f60,0,0,0
63ba08fb40df4777bebaa55491e90305,0,0,0
45ae4acf4af247ef85bf26dae6795aca,0,0,0
f9725f1e55954fd59b38ff787cd6a0b8,0,0,0
1f9195e71a8a426faec4f34c513dc27e,0,0,0
0b485354e01e4ac3a578907a1a88dc27,0,0,0
2e7244ba22274640a4bcc66681319592,0,0,0
d41a201e97ab42f188d6cdac92642b9f,0,0,0
62c94b5a05e146729260e090602d5c21,0,0,0
8c1aaf74762c49d0bd3bfe3e7691522f,0,0,0
1f72153b381745a88748fa0ccf977197,0,0,0
4c1bb3c9f3634b4e8c68de5757da3904,0,0,0
145b26b8b20642118337e34382ab28e8,0,0,0
0f8fd7cdd4804c69b9fafc39ed285c00,0,0,0
1d15a1bcb36749e9be9c667d6900f2b1,0,0,0
24c43c30a5494ac5b2ba4b93a33c7a85,0,0,0
1e65ad84ff4446fd9dc7f9ac3b9bae5f,0,0,0
e000c59034e242d09fa13d4893e0893a,0,0,0
a7ae0b7c2c574b4a843af1be0c808f77,0,0,0
6a9fc849b1804b638303406e734b7505,0,0,0
cfe01e0f074a4a2cb892c6052bce550f,0,0,0
685ea92e9142472295aaf81cd68d2ee8,0,0,0
d33b6d998b7d44678e00223f58ae3062,0,0,0
8e9c912f525744eeaea21083a20a1596,0,0,0
f9961709734949de829f4c3a7cb11b32,0,0,0
273ff5ce6a6a477897728d930c16e44c,0,0,0
24e0f571b4524766a23db424806f000e,0,0,0
6155de25ed8343569cf42c09ada10c86,0,0,0
703aeb59d12b4e85a4a59fda34c69c99,0,0,0
53abab7fbeff4b61842d457eff7406ce,0,0,0
c3d9fceb81624e01b0869105c5a8f585,0,0,0
b51c75363db94cc09b68d661fcfcd186,0,0,0
ce49e056b4a948ed9c56ca0bad73fc20,0,0,0
f7127b947029468faf38bc1092b1923c,0,0,0
dcc10c2420a0458a80c8e27daa68acc9,0,0,0
d27654cc0684472395dec6f1bb7be83b,0,0,0
d5c7ab2bd4cd4ea3accb8c23e709377f,0,0,0
bc29294428a647038f70e0ea31ea8972,0,0,0
0f1ce1bb14a94304844b134a6f727e50,0,0,0
56e3401e0a2844549c2b8012d4b024f7,0,0,0
fcd79f4b6a6642e99227caffb51bf407,0,0,0
528d342bf5494b3b94983545d6a1a282,0,0,0
c9afa2ffe7b6424db4da726e8af625f6,0,0,0
92a9d9780863464195c5cfdd1851d623,0,0,0
bab2547771944cfb963f3b91c574fce7,0,0,0
693d2368f79340e28ccc74bc7e40d4d7,0,0,0
364f0e028d454ee88bbdc1d3f93a6c36,0,0,0
a64ff07286e8421dbb74481645f4179e,0,0,0
3b506f568fdc4148aebf5326595706c0,0,0,0
cfd92c05e31846e89144f7b2bb8e59a8,0,0,0
9e2b1925799843408d34e5108d819fe2,0,0,0
8ef9a331a6884c0ebb6979b506a6a718,0,0,0
311b276660984eef82e76fa6e0bec28c,0,0,0
1d973f8414f849df9c34262ca3dc1452,0,0,0
f0f91b744f2046aeaf3acaafaf080bde,0,0,0
a3630444bbd94cd6ac4edbe2dc1221de,0,0,0
00af93c06521455ea528309996881b8d,0,0,0
96b00336432546328826b087b7f09ebf,0,0,0
da5090161a884f3e96af3d4d9e102eb3,0,0,0
90ae35a7d7344589880bc0bde7aa229d,0,0,0
6faf5c6575694e52882985ae8538f498,0,0,0
b25dd5f9291846aba3c1a6a79d69d47d,0,0,0
0f1385fc03994285ad8253b49516d77b,0,0,0
68e4e3ce731544148a3d8193077bfe01,0,0,0
7f6f6980ddc7467e8032c024ba2118e1,0,0,0
aa6a1beb240046798643bd8362e20921,0,0,0
bca9a4ce9c82463c97dea098ccfae7a0,0,0,0
16af52545aff47afb4d7b330a49091a2,0,0,0
f3183802e10f416d858c16efa99b4785,0,0,0
c3d8db2f8817403e88c7d96e96ebd9b6,0,0,0
3622338b143243f49db867035cfd55cd,0,0,0
a497aa9041fd41b3b5e6f3cab0849f98,0,0,0
0f3178a769ef4363a0764dbbd78d05c4,0,0,0
df4cce2f3ce54c39a33d1d4c7b9d482e,0,0,0
3194f71f0395447e8bb192619aa1a4e8,0,0,0
918ea49196cf4c2fad6d44f237708836,0,0,0
7c76c912e8dd4a859f2342a5f3d94e82,0,0,0
c53ad7f0a5a444d784a3a62c8639add4,0,0,0
b0b57815b1354671b22b8c05a3b0301c,0,0,0
2460d9e0bb2047e3b15b5eeeb58f68a8,0,0,0
821799f7953749ffa7983c943c4d1ce2,0,0,0
993ca421852f4dfa91da0a4cb90a4f60,0,0,0
7482b1a2655e4655ae4ab58749f43f65,0,0,0
f64258d5bffd451aa8a14325fea86c7a,0,0,0
fc71a769d58f4f30a3d5bb85a09b358e,0,0,0
f9641b59487a4b0ca0fe41a82edc0980,0,0,0
1018c8753d68416e8f2d48a144282aeb,0,0,0
62979113965348bba8ec55b91b1cefa8,0,0,0
4f71167368054317a98773d263808b36,0,0,0
f9f348fde7ed419bafd19323eff49506,0,0,0
82a97ed03eb74cb089e29503e898a885,0,0,0
399f3c6bc9b14fcd88191c5973bc3ecf,0,0,0
cd0d434e01134cac841ae43f63fb0b8d,0,0,0
71ada030981d4468b76dcebc1b6fb940,0,0,0
e54609457e6c44eda3fcd503619356fd,0,0,0
8c06555d1ecd488f839d0b8de6fd390e,0,0,0
0a5d5eef6d98406aa6e73cf7772bbc27,0,0,0
ba8e57d555f64cb29ed981c31c507f45,0,0,0
c66c3702335346a2906e05f676191376,0,0,0
84a23a6ebe7c43ac9064eab7f37e9862,0,0,0
46d857a7ee4f45d09a095e105798fc71,0,0,0
28e58f32d4274b62ac6d2b239e9e8516,0,0,0
898036b2dad54b5eae257f8dae6b1d41,0,0,0
b7608d95bc794c1cb4856b8ea64f6066,0,0,0
3113b0ba0725409bbfa4ff8c25740457,0,0,0
b979526475874ad68ae33f02d407a1fc,0,0,0
f8c5038d6b074ce0b8232fd4b13522b8,0,0,0
05b860befcdf4aa0a7a9029ade32f411,0,0,0
6aa8f04799a444d9a266814154bd9cd7,0,0,0
68d5c4bbb78b413695bbb59cedd0817d,0,0,0
29e4ac3de58b469190fe086084a22f53,0,0,0
2f4eb507c6024bda8e47dda97769862c,0,0,0
984ae52be6854fa283cc52b5d4bba8af,0,0,0
0a814a2f43064d7196ad6bf99080966d,0,0,0
983713eef8d5440594665c00e95b528e,0,0,0
