7f6aa85262424e7da75f62063d397514,0,0,0
34b8aac0033445599e8932a355b34695,0,0,0
da07d639cbd44e46abf3c23d9f7fa2c5,0,0,0
7080fd35b3d54b679b01796cf657144c,0,0,0
8e370e8a9f8743b58f3e66b731413d18,0,0,0
bd5ad4194bb44a6794529278f17e1185,0,0,0
4d059bb6efaf411985e6ee5eba2b0c64,0,0,0
b069ad2395fc4ed08ad6f9b4dfed1b0a,0,0,0
e8564d8248ba46fbac60fae0e93bad4f,0,0,0
5951cc1ffb5a47789fff75051dee56fb,0,0,0
10f096d877cc45f79f47f82bcc3e7ffe,0,0,0
79961f24d27c4f4e8b4c4e0b62058ea1,0,0,0
7f685a7931294290a830dcf281863746,0,0,0
41e03824893747c4a334895c8edd6b05,0,0,0
89a5978345854bd486450d81c204a79d,0,0,0
700e21e51cd343699d77f9bfe065cb43,0,0,0
85fa57f01a904a4099aed1c7f381da81,0,0,0
a17da3e4d65443f89ab161770f40ff0c,0,0,0
364f306248174f9cbeb6f3d612f50060,0,0,0
5a897a166f6e4d3a8e2b2d94f03f86a2,0,0,0
4dbe1da290ac444cb724401272429465,0,0,0
508a0c321b2341fb89271997435f6842,0,0,0
7c213023b8a14cf9a77272791de04b9a,0,0,0
eacb6a103fbf44f4a7f5d339b11d3f6b,0,0,0
126dc91ccd544962bac6d80bded42afa,0,0,0
6bc3d937942a4b519ff00f476b415425,0,0,0
ad4a92079e654de79e28c6cb45d6c2a4,0,0,0
b5d9540ef7f44a1cb325bead8debfc33,0,0,0
692d012ba3474464918840df990756cd,0,0,0
148ca4f631fe4c06af243a86e008fb67,0,0,0
4a7c0e0d49dc4275b7d1aaa2db7cb015,0,0,0
acdc9f9be3f64c04a5cc75e768eea67b,0,0,0
21bc32e53a104942a278f5ecff75e896,0,0,0
d055595a35f2464ca7b02125fd5a630d,0,0,0
4dc7d1e0b20348be87e07114a1d66580,0,0,0
28a37b7b94a34889ab5a774f43219fc3,0,0,0
3fa6056d3a874844ae03c2bb9ab1e78a,0,0,0
805d7e3629234abbbc3de4c5eb7598ab,0,0,0
1981c29bb2b049138b7ada0f2b35c526,0,0,0
3f241c2e6e0145b3858700aa748f9441,0,0,0
1a681f5111a94b0b8892b2f2f41ba9f9,0,0,0
ac4d3c6c11e4434fbf9cd56412176bd7,0,0,0
5fa2885d9a1747c4b557fd346ce46707,0,0,0
a085b1aee4be45b6982a1f7b601654eb,0,0,0
4a416bd7e1a24ba99d8845c1b0743cb9,0,0,0
92161b9df65242cbb7aec18a5a0d4876,0,0,0
e7fc1269102148e3a59552c5123bbcb4,0,0,0
e48596d3f4554c5a98325771464d8c58,0,0,0
7619c3a3428f4448b33615b460606508,0,0,0
95d793d922e54671a4debca5c926c860,0,0,0
e4efb01c4d274ae4bfa779cdd3b1e5d1,0,0,0
d2de17fa68294749a01641894b6ab12b,0,0,0
85d2a23222e34cd99e3bc5f719b1cdfc,0,0,0
3cace39abf5f4a92a2abbc21d51b25bf,0,0,0
7ffbf9bc5a894cfc8f26f9365773148b,0,0,0
fa1d02186f8e4eba917dad99cf856b35,0,0,0
13e891ec449b4cfcbee4c1302b55336a,0,0,0
78d6e1d2e0d042af9f1c96b180d449d6,0,0,0
209cfff028e843749f35039a95d16d97,0,0,0
5bc66b50e1374ca7a49ca01316891481,0,0,0
e58c9b6bf156474299c139009061c1ed,0,0,0
8bb253a3e7ac4be18262b97b052bbb5a,0,0,0
f68d84f143034de196b5b7f5b91fb28f,0,0,0
bb99864a663040d39ce11f7f1cc3f917,0,0,0
5ca4f5d44ce34f8f91aad68587563d32,0,0,0
f7664517a79b4e2ba69635bffa525d68,0,0,0
683b92657e2c4900b6e760760aac7057,0,0,0
461f33bfc6de496e982dd04cfa0ad2d7,0,0,0
a257d3331bac4d71b28431d835745b11,0,0,0
fcc68e924e754661a3fa714421b9810c,0,0,0
c8ae82ea5c134b8ba10bb8148f1eee2d,0,0,0
85c417eb0557414f96eb31794b8c1e97,0,0,0
d1356be1da164654b63fa549774272e5,0,0,0
2d34ef5bf3a44c46b4ce67939ff2e213,0,0,0
550a4ce414334860aa94a9f9e1a3833c,0,0,0
7fc36de72634404d8b06b7779328e791,0,0,0
ede19359f733479d82a33051431e17e5,0,0,0
c73a6f3769bc471588158d99186b80e6,0,0,0
a7a114ea184645d9a2710541e9dfdf0a,0,0,0
f50dc2ed4dd34dd1942c3c2600c2da50,0,0,0
55b0e784538f4a80a9750ff8b1f3b4c6,0,0,0
0b06e41938c84b91b41b6b14db0529b9,0,0,0
e20ca2d896bc41bb9c03a679bf94fd68,0,0,0
60640d7394b94da68c549715eed7e83d,0,0,0
a89388278b38480a8e2a9cdedbbcb316,0,0,0
1b0d7310dda2480d840cb78d86ec7236,0,0,0
9eedcaf6ec54441ba2454e247dd957db,0,0,0
255adf75751547fbb13b7f5d83c7166f,0,0,0
bb1b39f93d884d97a5da9a7c01c52991,0,0,0
255411360fbb4cb88190ec9bbc7f5a45,0,0,0
1962d6bb7af4424c9902b0246ba766b8,0,0,0
813a76fa308b44f292ab40a25d1565ab,0,0,0
816408b1ebd841e99b893b2c2dc240ad,0,0,0
dd567b91bf7147b3869277c4d0691452,0,0,0
1d6efff848784bd7bd5ebbd06611f25d,0,0,0
5a3f574cd3634d189563c54ac751232b,0,0,0
c824934c7a85438a9a21fc8d3267ee7c,0,0,0
2697bd35e68844d09efc27d0712be5c7,0,0,0
990f7ecd608442cfac24fa3e0db8e612,0,0,0
525eea07ff0b45f49f6a47eb55b6d75e,0,0,0
7aaefefd70ef448eb38651869d819d0e,0,0,0
