5806fe5d921147acb87456324b91240c,0,0,0
fdfadee66c364112b088538355513121,0,0,0
f49421cd57ca4abe960b263f807e4f20,0,0,0
df95fb8e9f40449499b8fca8938fde81,0,0,0
1996ca8e5bf041169b37246f8c42f3fd,0,0,0
85c77bac1e554dab95cffa805a00e943,0,0,0
dafccfaeaa6342dfb58c0d927dbced58,0,0,0
60982786b88c4f43b2c2cd835e63fba4,0,0,0
58f58d38d349411b96ceb7d25a757317,0,0,0
662b7b8b29ed49d99654891ba3a29e1f,0,0,0
8ab379f6f864479d82fa3192acf1cdcb,0,0,0
2e0f20c23f5841ffb5d16166b21ea4d1,0,0,0
f9c0a1df2db64781a31284be2a45019c,0,0,0
6a7edd06eb644837b6380a8fb2493b3a,0,0,0
021e0fed78a948bf8627ff9beccae0af,0,0,0
443823f73bac40d19ec5a272d9b8a931,0,0,0
332c9a36564249c39b5bdb93111b4855,0,0,0
b7afb97bb8c446a7acfc6885b93bdc3f,0,0,0
8b222f6c479d48ccb0cc24fbd402618c,0,0,0
e830ab1f390446b2b95fd183038eba83,0,0,0
986e84207f0d470fb656b52ddb3d60bd,0,0,0
a8cf5c8108c04749a5b19b2272e8a020,0,0,0
87abdbbe4412443f8880dc8201eae793,0,0,0
4de4dcb1c789459ca8b927ce0ded426b,0,0,0
a49940b6a8204bfbac3c67cc57f78009,0,0,0
3dba5bd235ef4c17a9c1641f070b2e9e,0,0,0
90bab42098594c2ca44b917d5a857cd8,0,0,0
6c6a218f4d534b048edee677b2d3f8a9,0,0,0
01786822e023423984b997501fe97f02,0,0,0
222af42f94714ba7899da7d4a62660f0,0,0,0
81fe3e8db44647b8bf52bd3465abb05f,0,0,0
0036cab23b1d45f4958c42f0c109ac47,0,0,0
199fbcd15f634843be78f515a9ed3ee8,0,0,0
d55d59f635c548fda9fa5ef8a13c75d6,0,0,0
36d3666931ed456c816bd8c3bfac8741,0,0,0
9938a5a43ec84a0b831b17d17de44aac,0,0,0
c6c48576e845471a95ac712aff51f996,0,0,0
8379b904ae304b219c35488391b98c4b,0,0,0
79252d1758f04e19b2d27d4ddd6ebc63,0,0,0
55d2b2f02b244a35b4df100f3b7ab127,0,0,0
8f50ee3ca01343dd82e9c55fbc59d379,0,0,0
a63fedf30b2a46dca85ba0ff79bce251,0,0,0
0559411e20ac425cac350d8373776e3a,0,0,0
1e3899a265b34afb8992f88ca155ee8e,0,0,0
92cb150e5f1e440da6046f0f1f007aae,0,0,0
10c109f6296240f0b3bddcf5aecebc56,0,0,0
fec90eb4d81c46ddad569d879ef0524f,0,0,0
e816c188b5aa4a849807133897719e3f,0,0,0
512afe51b63049d8a24de71c7a6d7e2e,0,0,0
274f858df0534347b886a609fd3baa9d,0,0,0
ef34b82625e14373b27f461ad12bebe0,0,0,0
59ac36a6eecb405e9b9a41de505de282,0,0,0
0d6f152e5fdc42bbb8fc744ecd1dbef2,0,0,0
602a7495e15944a1b760e59f38cba739,0,0,0
aa31721c3c23418bb05a4caa3b88b7cf,0,0,0
6f16abdc4e9b43b68a8bf4f1cea04de8,0,0,0
a95cb5e5a10746d7bb817590ac2233aa,0,0,0
80df492f0621439a8382b687f3689b02,0,0,0
adad58dde2eb456e9592f68838a34631,0,0,0
5174a768ea0f411888900005a39dd573,0,0,0
8c8df75cf06041a5b7b0b4cce4e9e6ed,0,0,0
0ded637128814d7ea7b6e2ff48f35eac,0,0,0
d4a5366f06314f5fb46e05107dae0a0d,0,0,0
7a8e83eb385a4cf59a95e32e67c75336,0,0,0
5287a1fd34b84230a7a6e9a9c1f58068,0,0,0
d2e9ab0546a34d19b018563b107e8f54,0,0,0
4e5cc8629d384c90926c4ef429c8963a,0,0,0
21b085eae7bb4c9ba92d202b3c536175,0,0,0
a4a3ca7ae1844dc9b2e4710ff646f647,0,0,0
7b1823f17d6847bf919601ec50af36a4,0,0,0
8761b1a07991404d91c2807884c17a2c,0,0,0
58f91129898f48d0a2ecc5cc8fa5005b,0,0,0
90d93cf5bd974b238727888cd07a8526,0,0,0
d6ed4709e7fc4d74ad8c98a0aff23948,0,0,0
e57579e4a81d46d6afffa6f8068b214a,0,0,0
6f939676de234f6ba2e3a8d71b26289c,0,0,0
ba4a36480aa6416e947e59573f07d098,0,0,0
6e9a4624beb844e085305b4f36e28700,0,0,0
5233065f5d9a4cb8b6bccd4490bbbd5a,0,0,0
38d1600b0e72462892fb91efe4ad3f40,0,0,0
8add56ad6dd54be795cd5e3b6e3349ca,0,0,0
d5dde04ba5cd4517b91615ddbe9b0ee9,0,0,0
0bdadf346eb441c48a58d9b8797ee882,0,0,0
c8f64c14fd954bcdb6a670acfc51efb3,0,0,0
aa5765e4bd594e40b4f27433a641d2e9,0,0,0
5563134c64de46d0978636dff0239a85,0,0,0
