10c252c90fa24ef3b698c6f54d984c5c,0,0,0
0e92a69a50414253a23043758f111cec,0,0,0
51857544c192476faebf212acb1b3d90,0,0,0
558ba0761bf24428b9cf91e60333ea25,0,0,0
3577de361e1a46b1be544d37731bfde6,0,0,0
da5fa65c13e643719a20cbb818c9a85d,0,0,0
00ebbf3782c64d74aaf7dd39cd561175,0,0,0
08c774f20c984008882da2b8547850eb,0,0,0
cb66d4266148455bbddf5d059a483711,0,0,0
85c23efeaecd4d43a7dcd5b90137179e,0,0,0
d160d2229e4148839ef3a43dbc0ecdc4,0,0,0
6800f98e9e67463e9928a4253253bc2f,0,0,0
e693b5de8ad84d4cb61a79ece2e66d11,0,0,0
c429b363fd3145fe8a7631bbe9644066,0,0,0
1e86968849944444b66d9537efb5da9e,0,0,0
5e9f4f8654574e699480e90ecdd150c8,0,0,0
0f37bd0737e349de9d536263a4bdd60d,0,0,0
df211c2c55f94b87a717ce1469577456,0,0,0
f4d03f729dfc49068db327584455e975,0,0,0
ee59d6b5e5da4def9fe85a8ba94ecf25,0,0,0
3a6d2322867f40d9a3d2758ab88df288,0,0,0
77a1a11978b04e9cbf74914c98578ab8,0,0,0
28db29e8c72c4a68bfdf5bb2b454443d,0,0,0
30c97842da204e6290ac32904c924e17,0,0,0
c341c46acf7044d1a712d622cbc94a27,0,0,0
7ad0b4e15c4f4cf38f56efbbcadfbf6a,0,0,0
23ec8bbec8eb40478411cba2e55b732e,0,0,0
b185432bf33645aca813ac2a961b4140,0,0,0
1a41339ece1846eda6a924cdb4c417dd,0,0,0
701f7128272a4bb2acd9dbd89b5cdf6f,0,0,0
902e65564f81489687878425d9b3cb55,0,0,0
d65b6505904448d1940e679c9a098047,0,0,0
e34dcf54d26a4a95869cc8a0c01cd2be,0,0,0
e0ce09f0178c48e2bbe649d2bf659702,0,0,0
8a0f2f1a8ea441658501561e5dc34a3e,0,0,0
50c241453dfd45c1ba95b5d7191982ef,0,0,0
b2e9278f9b8f4661abcb0446d2cbb98e,0,0,0
c8112f69d34d476fbb29e6b3909deba2,0,0,0
8ccf449f599a4cd88648e1d0ff39fdd0,0,0,0
5b9b2794954e4694a45fc424a8643081,0,0,0
5efaa5e4a30e481f9dadc1bac5e56a21,0,0,0
194bef4cbba641dc9860ba7f43a0c16a,0,0,0
abe20dd6e5194f579dfc6b63a612c150,0,0,0
db145474a5fa476d95c2cc7f09e7c83a,0,0,0
