1b589cd9d8184f3292f106d12ae20137,0,0,0
63929ab917fd40f3ac0b6917b1bc97ff,0,0,0
ff6cc28d8a7049ec980d1d52480530b5,0,0,0
8ff0fdd4091340d1a96431ecad7d1cfe,0,0,0
2ec2335d1ae448ba9d2821e6b5b12351,0,0,0
ed5d5602740d4c22aaad1325f4094db8,0,0,0
87e96c5b923840bc8276d949ff157948,0,0,0
c961dc778d31485f8f8a4dbb999584cd,0,0,0
581def46bdcd4cd9beafaadaee1a9b03,0,0,0
67790605390f4d439c3c59395967ec84,0,0,0
6723e18211d244f8b17ced91aae64d99,0,0,0
6e4d405d5001445b8b3961a347bbc85d,0,0,0
763d5f8332494e6bae0af7c70876e2fd,0,0,0
dcc6bd0fb2a14e4aaf03a8087ff45c05,0,0,0
a343be43da0d47f298544091b600db17,0,0,0
f10c6762f8e64fd49d1931c4f21c38f1,0,0,0
af4efb4354f34da9a95936c162479fce,0,0,0
8ed9b9053ba64d62841aeba15752c081,0,0,0
f473cf5a09a64090acec3bfe8fccaacd,0,0,0
03b03cb4937b40ceb29935054918bfc1,0,0,0
b91455d3280042498e1c7fc53ab849d6,0,0,0
55f3ad55a86b4f6a8cbcc28a89924779,0,0,0
539fb3f6f19b442285b593628a8ce14e,0,0,0
5d3af9ad575b4be88587967ff8114c36,0,0,0
ea2da31af71648daa1a3854f102766b9,0,0,0
9f0e2562fcf447f5a7c5e44e85978148,0,0,0
32ef8da24bea4c44a89d6f689d63b9ce,0,0,0
33bf952bf50640dea6bde565fada4d03,0,0,0
d6acf4ce3c6649918861a9b9535ff207,0,0,0
c727bc89d36842cea486801872079346,0,0,0
a182572ab5254a6592c738fe88451284,0,0,0
5f0271cddf36483b9823aac00ecca757,0,0,0
9da0d2cff4a74cc9b2dab30a32ff1c32,0,0,0
6c71d9613b6341299e3c8515fff5dc8f,0,0,0
4d7ce55eeb6643079aba3b10360de8d8,0,0,0
0465bba4a7724a20876d042cab3b9ca1,0,0,0
b8f6db61618f41c28fa542ecfe044f66,0,0,0
1df105f34ccf4844877be7e8e2d90fad,0,0,0
7ca707708ef54c5bac2992d05d4f1408,0,0,0
798bcbbd303947e6bb7b8dc72e827f08,0,0,0
82824caac7fc47699ecc73d498223b99,0,0,0
f8a67b5cb21949d3b6e12f84c2313772,0,0,0
44661972414d44fabc0799f237e4d7f0,0,0,0
53ac270c4d0546e2a840fbbb35b1f9bd,0,0,0
a2a74fb1d11d47f0a295b3257added9f,0,0,0
d58453d55e9440eb8a4b876c776c0b43,0,0,0
63e853613b064137a625d8d2d96848ff,0,0,0
1328794e17874f568016ade53c545b5b,0,0,0
8ac4eb0eee3449799052e8b483d22cba,0,0,0
9b1fd662a14f4d07b1705ce2ed7adadb,0,0,0
0adaa1b61f264e5192c6c73ae6c753db,0,0,0
597d2fcd34294bc09dc36caf1b10210d,0,0,0
29d51ea54a5040098e9b1ba6eaa1f5bd,0,0,0
aaa3143c2ccb4ba4b51a472b48f5e260,0,0,0
c52fd2b91233484e89459c346a55911f,0,0,0
1a4d2737d6c74e1d8f20e571099eb0fa,0,0,0
475ad9cb14934d9aa79e73bbcd4a2050,0,0,0
6a3c4c6e04ec4d2da975616964d2e111,0,0,0
06a041e5c69e47db909fc5a4b7341fa6,0,0,0
1dcb16a62a0d45ac9c9e2280a0a223eb,0,0,0
844baab4f3b747e48d21ecdfa25dd059,0,0,0
12e9214fb1fc43f7aab15521c0260933,0,0,0
df173fa965fc43caa3305a99e3438738,0,0,0
5b61ffd1d95e456ab78cc4bf998d0ad0,0,0,0
cefb9f95b4674f58a31827fb892c5bd5,0,0,0
215e819046604a42924edfaff9684430,0,0,0
9f69259571b54410997caf811a428107,0,0,0
ba716ce975f54676910f854704794f6a,0,0,0
241d0cc0fcb543c983e16b3bda63f4a9,0,0,0
c7af265804774a4cacbcb628542c348d,0,0,0
ca8e6adca12249a38dc0a715c9d18548,0,0,0
86e7da8991764c55acdc0383d39c102b,0,0,0
ec16fea0ce5d4f4c8f8785911c1323c5,0,0,0
7dd45346aed946fdacf3122a57d78b6c,0,0,0
a6d94a0ed196422ea804316ab3e916c3,0,0,0
9fd81fb06dd843efa3f73fb929db4841,0,0,0
7eacfcee66924dc9a4b7e34b6910eaae,0,0,0
9f24782cc5654916b1ce05d58d5c3b3e,0,0,0
c90412ad99334d3aa7a1ec74d8e543a1,0,0,0
52210bd716074b16a2070865cdc0e091,0,0,0
3a61b286f9574cebb27cce0efa211bd0,0,0,0
0f0f786471a3478d9baf649fd6723546,0,0,0
67ae6266c74b4f8b847cbd734c04bdc6,0,0,0
3353fb5df34a4af2bcd2a9e6d730628e,0,0,0
ae5059c41ffd44d29262569c95830639,0,0,0
27535f650b78489abcf2397c1eaa3037,0,0,0
5736251f575147688416db771bae0dc8,0,0,0
87230589e06f408c8467ae570309a7fc,0,0,0
94a9ca24ef614565a6e1cc18e73f0af7,0,0,0
666e7c94f27743a788c408a62c2c13f6,0,0,0
9d2348bbf47847d190171ffc236b4d7f,0,0,0
1bcde77f85dd417cb3144b3b682b99dc,0,0,0
0aa01000f1934e73b35c348fa8d15040,0,0,0
06b9ac679498410293c591e1b37767ff,0,0,0
e974ee53b3424f2581d5798732bb0f00,0,0,0
9f89404e055741be89e4d7c083d62ce0,0,0,0
19039196477e49cc97f56db30c1cff8c,0,0,0
7ccfbff0b84147f48e041a1315c1a106,0,0,0
67d6547acb024b55ac089acb8c01ee3f,0,0,0
92d826a3cda440d7823115d198e2e49a,0,0,0
3fb4bb890d7f4964b496a46db647e72a,0,0,0
f057a39653b2420c932770424503b608,0,0,0
0ad193716fc148138c1ba6c10db6e31f,0,0,0
a197694b62d249968f88ae32a1b49d10,0,0,0
69d62b0c0b5d466ea4ceeaa3df578e0f,0,0,0
fb7f2438518243b180ae78cf1e2737e3,0,0,0
c7399ec14d8a480699014a7c0f1775fb,0,0,0
f09e66b37a6d4b0c8123be971f32f47c,0,0,0
1c26f98bbe6045e68b3f4f0e7a9d0c38,0,0,0
eb93e479aeae4b59a26c3ea106f9be7a,0,0,0
974ea88b70a84d88aa6910d490ba4ec8,0,0,0
46acc3a4c8d14bba93d6f9141503d3c0,0,0,0
fb1ac7e96b884d289aff3fe02bb3c248,0,0,0
5bfca28106ee44249b74ab916bb5dd4b,0,0,0
81a933e0adb445ff91a3d2177301f8cc,0,0,0
a54d98d2ee514144a42d68059ed63da0,0,0,0
dce110162b244b2ab76a0804fc830a9e,0,0,0
97693dd5ad3146709e78c49ff61d389e,0,0,0
79179d69bf6046848417f63bcb156134,0,0,0
650dbde3bd124db1bf8393250eda52ea,0,0,0
bc13364dd8554a7b8aaf77e0c8fde7b3,0,0,0
36d9e8e9eba24f3fbff08082c41a4d68,0,0,0
d972562e44f44b4db2a197310dc6113f,0,0,0
c65f153691e549f095d7177064f03163,0,0,0
001ad2ad14234e06b2d996d71bb96fc4,0,0,0
31912530f066427a906f663fb2214c6f,0,0,0
f92fbe8588ea43f1bb4e387fda119098,0,0,0
397b1e40b2924ba19e6822856f681628,0,0,0
0216cfc58db9446bb3603b617e8809b4,0,0,0
fcef7e9a6a7b4e218f3d22be6e6adbad,0,0,0
86348044d99d44d6851ae41880e91da0,0,0,0
62f253b869f04a489aebdb12fe4f05fb,0,0,0
4473ed6da0fe42d182850345ba28989f,0,0,0
b833c4ae51d94e079bb462c139a4daa9,0,0,0
4650b2c5711e492dbee9386c80dd304c,0,0,0
41b8113c47db48cbaedd2d72d329369b,0,0,0
5bd854f77c3345d589da8ff99417835b,0,0,0
c9e01396da4843148b019963a3038356,0,0,0
c6baa663ada7439f9a409a86c7fd809b,0,0,0
cad508e1ecdd4d8c9c6a4e0a71195e04,0,0,0
5bf1bb00cdb8496280a50bf0c38b14ef,0,0,0
ae78d98250fc48c28d41072e3260834b,0,0,0
4819ae2070064589a685a05a723026f0,0,0,0
5e159299d4304235990c3119689e1d2f,0,0,0
f4dc4040df5a4f038dd2b35f2bb65266,0,0,0
9834ca30d77d482788a3e99e2f28fa3b,0,0,0
be58833df06445da9c8ef579096e5dba,0,0,0
