94a3c70b35444b3191ca06b9a4fac782,0,0,0
dbd219920e0d4b44a85e550ca51cc56a,0,0,0
ff3ed1ef732845839881115ed38d331f,0,0,0
0afa10e3865a482684ff822f9678e32c,0,0,0
01b9f3583d5e45739e01e0b3cfe21c09,0,0,0
5fdff4b578f24ff98a213299f3d91576,0,0,0
88f290e95cfa4348a09ffc1a3661055e,0,0,0
9d691cb5fdfc46d995836e1ea82465d7,0,0,0
87b17b69a95345c99db402e0dc40e4ce,0,0,0
80d5607f9e4c4b2f9da7930754258cfa,0,0,0
cbcae92ea4b34638a877dda9b4bd7be6,0,0,0
cfb1d3bfd87d4e87a115ad9553e7a0df,0,0,0
cb0762e9b6af4891b7be36942549586f,0,0,0
a8cab750a6ac49f38a432d5fab1f2859,0,0,0
a384085cd16d4f219eb71221b79a7a60,0,0,0
7000630abdbb44309bcacc7593564300,0,0,0
5278ace992664bbcb69d686a7be2c3b3,0,0,0
0e6ac078acf94f37addd92a848bf1558,0,0,0
c396a23da8b240d2a0bfcb1cd909abfc,0,0,0
fc188c1c407146ce88db33e41d932cae,0,0,0
9a1dfb5fc5c148d2b600e7789446089d,0,0,0
8a3f2a5d30b847b7ae94eb24d5d9c8e5,0,0,0
0608309a14594ef9ac53c26b9e03a1ae,0,0,0
36c44dae3ab4415788edc1803558aec0,0,0,0
41fbb6cadff540b48fcb2021bcca9364,0,0,0
4d495340c0d8412f8665e58ecf3cb59f,0,0,0
f15cd6746d1f4b7a804ede38d47cfa03,0,0,0
b7ced3f4cbdb41eeb88825c7c632060e,0,0,0
6dec3cb690e24470a108893fc88ec52b,0,0,0
565f7e74c6074380b1e3b535a759661c,0,0,0
cb09a0f41b7746549d36806cf79f77a2,0,0,0
bd2827c564534256b48e64c1b9f4048f,0,0,0
399b73c997ad4dea8873f298737f2f2c,0,0,0
0fa45532f291420e9275811772f05e49,0,0,0
19af47dcc7704297a6d5cbbcfb3ed3af,0,0,0
ff013cbd3a924e4fa524cc4d84ac5eb3,0,0,0
7b1606930f824359bac6c90077c694e7,0,0,0
637dd8212f89426f8e8382ae48f93b7b,0,0,0
01f2afc7ba584593aa5712707d285507,0,0,0
09f9715c7163456e9a934c5bb8a0e2c6,0,0,0
88ffbea957e34cd09d0ce2d3290e9694,0,0,0
9568123de77d4e68bfba11f34b83ac7a,0,0,0
5ab3ffcf9e124111bd2fa931badc3c83,0,0,0
290cf108dddc4095927677d0d56b7a7a,0,0,0
ff0c027e9f0a4cd784e4851736c397a4,0,0,0
b1a1885860a54b8cb99c6f4ac19999a5,0,0,0
5796e7daf64e40a6aa1a6e003d1632ed,0,0,0
c8877195d3ad4ea5a4736bf0ed6979c5,0,0,0
07828abd68f54c2ba9ede7aa649932df,0,0,0
24d74aa8b1e247f0a2daf2c771db21ea,0,0,0
5817f7eadd7e43ffa7d3eeed279f123d,0,0,0
95228a36423e47dfa8f66836b0ff8ae1,0,0,0
880b2c58b0a14938bc12a49d839097e2,0,0,0
ff7072175bd04676a040d26dbe53ec18,0,0,0
d1af2f90794243db807d60a07050941c,0,0,0
9997a34a10ad4502ae927f0855f670a5,0,0,0
c7a5f8ebe9aa432b86414fcf59272bac,0,0,0
71b8d86a5b2e447e903994f5fc6634df,0,0,0
a1343f391c4840fd8a25369e45016965,0,0,0
648bb87f6b844a088376ef700d77aa5d,0,0,0
696ce593a39d47ef9acf6902ee134861,0,0,0
8761fe0f67a041cf96957879f73fbd5e,0,0,0
0f462b8531e14ad0803d1beabefa48b5,0,0,0
505ca3ca13414b7884dd6332040ca52c,0,0,0
fb81d03848c24f9a89220e899fa32b8d,0,0,0
ab2d0f38b21e4493a632fd5aa8ef99a8,0,0,0
4e06453cd8c24ea78797c10b0e12639f,0,0,0
e1764d52db5b408993663777cdf69130,0,0,0
354da2e072004e458216f8a9b11e8d3d,0,0,0
bd2a7e0c153c4a7ca6b970266527250a,0,0,0
57bbe9e9bbfc4377abe137677beb5d0f,0,0,0
