b28f29d6260f46b6bd9eaa97d787ea53,0,0,0
fb76fb85a5984f3b871b02607a535c8d,0,0,0
170ff79b37244dc8b2a2b4568efae4c5,0,0,0
3bfd9fd5da794aae802d155bdfdb7ce9,0,0,0
b1872d81d95a456494793c284002da68,0,0,0
913aefa5733c425eb79de9f5e225cd0e,0,0,0
b0c52603c8144edb8dc23e2aa5bd1d55,0,0,0
e6d04c82a21d48a99b341364be89ac9b,0,0,0
fc4d6d7957aa40a2bb36b43c974f5ce6,0,0,0
4934141109d2478aaa37cb5c330e66e6,0,0,0
5c0f242b1f4c45868a768d5d5ffeab97,0,0,0
16708c282c26467e8e36cc00812c289c,0,0,0
bff52b252a464909ad342ea7eb971750,0,0,0
73e5b6d782264937a51bfb405d87ca70,0,0,0
7e0040e833354f1592dd5e52fc3eabc3,0,0,0
c4b07e83eb314ca6a519f680392ad67f,0,0,0
21289201617a47c6b3795f640566ba6e,0,0,0
bba127ff13114f3b95c766f29ee71f10,0,0,0
bc4d1852939c49a28b95ed81d974e82e,0,0,0
1ef91e17b2c1476b8e2b1da60321cd36,0,0,0
725276af555c427aa7e8dce9b6e281bf,0,0,0
567674a70eff4667ba8d050e4b7c04e5,0,0,0
bafa058d3c2447a591985087e40ef56c,0,0,0
5537dcd1ca9c4b2281ecf6e7af4a835a,0,0,0
5c2ab2b08f2d40b3aa4dd5f25013d924,0,0,0
e3e9e67979e94b6e9f8cbb441dadc8da,0,0,0
817592f1e67c4869b8490ff6ae8af258,0,0,0
234610cd12a1423db5320cdeb532d903,0,0,0
ef1bed677e2545629b7b68cf4d181d18,0,0,0
620f1aeec3124c13bb6752155381237d,0,0,0
7ef9ce8b956b4266b4551f786c2b7599,0,0,0
31d47768825a4b57a5bda2c2aecc6bed,0,0,0
d4c480296b2c421781098c75e402b30f,0,0,0
949b0754cae54aa0936b0ee9e1df149b,0,0,0
3ee4ff67704747628f6833e23a69b20e,0,0,0
c53e59fe5cc74d95a1d371506001db02,0,0,0
b36e7fd7a96b44b79bd7e94f9bf75c91,0,0,0
db539e0a81ec46a1ab508110b5ab0284,0,0,0
e3af8de7e33b4129ad366ee2992963bb,0,0,0
910c30b78447483d911ce467a1aaa282,0,0,0
e05da369f71a4878b706910404321361,0,0,0
b0f613776eec458aa17522c76f9a4f7a,0,0,0
e3c92cec84f04dbf8ae0cc50a8337ec5,0,0,0
0ddfdd390da440f6b53aab2943f0560d,0,0,0
09be981423a3442998bd724cbbdf9b2b,0,0,0
cd43826f78d94fa68b604c2e61dac751,0,0,0
de39b37b08d24f05b97cf063b440bd46,0,0,0
6a9a877ceb2740e2bb5d13608dac7626,0,0,0
73f8caf9b0f347dba5de96714f7416a7,0,0,0
3d6c95bdb9514f499d1cea7bf2a4b648,0,0,0
0bd192ffc30d4cc3805558d09c158b62,0,0,0
fa437e33b5414c09a3e524ffbc183502,0,0,0
34ff274015304d918c694178cd41efcd,0,0,0
1c90b979691646bd918d55c7fee1c006,0,0,0
cec85e863640449ba709b48888b2f979,0,0,0
ec67328b915e41209c05679a9c657a8c,0,0,0
10b2ef2799d14f84aec089f27297ae02,0,0,0
c6cb28fe88854b638d8b6b8469943bd3,0,0,0
7d0ec39ef0c64528a104cb5cd030cff7,0,0,0
c2f4323508234486a7ead0e4968ed34a,0,0,0
6a831a44b6f240bc9486eef59533a0bd,0,0,0
31d0be0690b14e5988a010b4147368bf,0,0,0
9f70e20483d84f4b88040954003b054d,0,0,0
7d4994043088423aa682052ece9719b0,0,0,0
4a87c9150e8442a1b8abc51ed5073ca0,0,0,0
302aa672563d4c38b19b5b5003e70802,0,0,0
a94292f56d724d978c04113065d2b86b,0,0,0
c94b508e103a4af2a7d54920ca214634,0,0,0
c64896cf014748d7a31f7b496bd76e95,0,0,0
3d21f7b1843f4b4c9037b7ed0942dd6b,0,0,0
96ba4272d14444f7a40b1f7c633f2024,0,0,0
2ed5407274614845a0c2c8f106b861c0,0,0,0
03436fa468854cc682421c9ecd9d39f2,0,0,0
d0ab03fe8b9d441bb6cbd0621903bd0d,0,0,0
537f21944d0d4323a99a93bc85e263ab,0,0,0
3d5bbf836beb428b8bcce9eaadea0802,0,0,0
e74cca5444c34dbf9b071e6ef0a538ce,0,0,0
fb5c53c95eb24a2da64b2c964d2cebd4,0,0,0
e3bbbc346d23451b829d3c0c7a12fb43,0,0,0
a66ae65dba11419683aedcb00688da59,0,0,0
939f1c7150e14550ab5594c60431dbeb,0,0,0
5a1668a92a684c17982d9d2ffbd46284,0,0,0
2fe8aba87e074b98affe61cbdb5513ce,0,0,0
6019439d967f4e5ab8332170d0d17a57,0,0,0
81bc19139aab4263a30365aa73c5e4b5,0,0,0
8e5ee1e7e6784eed89a6c8579b4fd88b,0,0,0
b227c3cafc50455eaa601243127e26ec,0,0,0
f3d04dad3ca84d0c91d16f4d8970bb50,0,0,0
5ce9901d6b764237aedb446e59ddff5c,0,0,0
5da884a1eef8480eac0c8a1b0b869787,0,0,0
65f77641cf3b4650bf492763e6ec5790,0,0,0
cf47df9a90d849d1959e0893f9a92010,0,0,0
3378b61df6f2484eb2996a26ae80ed23,0,0,0
cb83ef7d8b3d4fd39d993c933438c127,0,0,0
18940ca3b21745a8bd52557dc4b8abb3,0,0,0
cc3a8c91626f4824ab02269b167c0ea1,0,0,0
ca5809206bde40fd93a879721ecfb608,0,0,0
2947bd93d2c74d2da50d472185b29064,0,0,0
d1944c69bc814160a0786756186f0e90,0,0,0
74be0bce40ab4a599a7172c8bef59304,0,0,0
1ed94833574445718438b36dc35ebac4,0,0,0
7cc396bac34f4fd3a468f0668e11bd25,0,0,0
7883142b9f734cd598223fc9723ba751,0,0,0
0fa7036a24454b35a6b5118a85bcb280,0,0,0
fef7f8cb37344535aefc838f1d19042d,0,0,0
70444357e75a448a8668baf96fb1a922,0,0,0
cb105e0665414663a7cb53ddda34288f,0,0,0
6e25552e328643fa8cd4a9854bfae7f3,0,0,0
bbea7a5544e74d4dadeb764551fd8227,0,0,0
18c7936106b340babed65ae9e1ddf157,0,0,0
83a9cd673ed24963b3ef49d4163cc549,0,0,0
4dc03c8cd82e44e7a2a825dc48417f45,0,0,0
7836a4fb73d74cc7a304edb0611b3e87,0,0,0
3194f6f332934537a617f07a8acac6d9,0,0,0
5ee0bb94477840b8889ab493404d9161,0,0,0
8370742d6ac748fd81e4751d7cc8dd4c,0,0,0
1b8c3792715f4483aab0d36698658ef6,0,0,0
54129f83115944e392f475f78a419163,0,0,0
0b435921cd9b4efb938611660be1265e,0,0,0
c4cd87a39a0f4385a5764b55ca2f2a74,0,0,0
a408da1db2024ee0b2ef470e3a85153d,0,0,0
4423663e4f284674a12f0a4d19fcc4fd,0,0,0
7587aae968c74bae8e42d57302adc4f8,0,0,0
62ab4bd43f8e450c894a4cd5aad23714,0,0,0
5226cb9e03da4936a504bdcd86b8fc85,0,0,0
27a240dd98114949aa17bd411a29bde7,0,0,0
c53f9ebbfa6b42e0958406ace286b3d1,0,0,0
d1de344c27c544be87d6705a81aeb732,0,0,0
eedfc04db7404fd08275483db41c4537,0,0,0
5cc8851fe8e74cf6b8dd3114df833c2a,0,0,0
c0135caf88524d0fb627c924385fa080,0,0,0
9a99ebf7c9e947229e4546d8b30040b9,0,0,0
1f253956d58749ca963cbec05793b10d,0,0,0
31faba5523d64765bdd659e110f86722,0,0,0
fba955fa2bfa4e7ba0c937b53b129e9f,0,0,0
ca9b27594a42478194e66ccf076fd73a,0,0,0
b2b0b597ef2f4a1c86cbbe335dc2dcc1,0,0,0
dfa82a372db7421aa7ecdb4d41343872,0,0,0
c967dad1b34d45308a0c6c909f19620b,0,0,0
8f421a6da84d4a4a9e0c79b8b3d19e69,0,0,0
5e0f3e3e13b742a894b760361976feda,0,0,0
d5c0affc148b4ef3b966802d55473f60,0,0,0
042e50107478485e9e15c028c6216789,0,0,0
53e6ea6aa17b4876b3fc7835279e99c2,0,0,0
2f58ce64fff84016a48b598779720fa1,0,0,0
bd67e1a2dec64aab9e028df026ce4caf,0,0,0
a9e152cb52ce46588ced6148b5bfa4f9,0,0,0
6ef96e04a1444abe8357387b8f296f59,0,0,0
b0bd6b4e8028490e84446f41ddcd9f78,0,0,0
73fb6079b25243f29b78c806d1db971c,0,0,0
1213fecfa51441efb2b77cfab9e1f228,0,0,0
81f888d10e4a49c29bc7028b1315e390,0,0,0
eb6c35b41a4e4ac1b95640a40e1591cb,0,0,0
ce72b075950f44ecbf6f44abd6106e08,0,0,0
c05ffc986dd04970aeb52d5b15a20ad4,0,0,0
b2b0d3cb82254203aa8026efa9767175,0,0,0
0802d2974e944abba7d4184ff4efcb96,0,0,0
2c154feae9ae4430b93d25f7581e3a23,0,0,0
585143782fc64b66b2dae68d231cb5ac,0,0,0
76c94a67e378406e849a928e1ddfdd36,0,0,0
2450c6afba784195bf10834c786a1de3,0,0,0
e9d6c09465e74c9ea9b4a318385c1598,0,0,0
06e0fd6ae534461cbcfd0a2a1a3ec597,0,0,0
2ed707dbce264e99b8e46c2bf93025a6,0,0,0
7d9e8e6508884b1c8c9fedf59d70729e,0,0,0
2b0c49dde8da4b398b93bd57ed003e5b,0,0,0
fa25e2c6a14e42ab8d9743e15c91374c,0,0,0
b3c0ab8ce75a4779a4087bd29d7b9568,0,0,0
ed000d64c6d948bfa6267f7596e0efc7,0,0,0
35298dd1214345239f966099a1ddac3f,0,0,0
22687496ccb8421d842cde17d27287ea,0,0,0
81a50ecde0ab42cd81e0cf23a2529675,0,0,0
2a3c6a9dbe0d4126bc04e6db80bac2fc,0,0,0
d4a64bb6a6c24af6b2bf62e5e7a6f1bc,0,0,0
4e30f38a55414abb9f740d60ad40df7c,0,0,0
166b1d671d5048439891ccfdbe84a233,0,0,0
830de8fbe6a9400eb71bcb56b0c08b07,0,0,0
eb82b1b47f9a4735a2373c6ea18ce7af,0,0,0
6afb5c8288bb493f909657f76222a98e,0,0,0
0a5f2a70a55e44428bd645c745920e3d,0,0,0
60b90d7c381d42d49d3698e590129ccf,0,0,0
5bdb9b3b7d9a49ca991b05c7f982bf4e,0,0,0
9f4accb512df4fdba5ef30e6a28817c4,0,0,0
c8208e8cd17d4159aaf2d318b1cfb146,0,0,0
1f78bb4fb9c843fb843ee685cca4d331,0,0,0
03f54b1513a94082a9000f87c144851d,0,0,0
570275ea28a24581b61f5b9966386a4f,0,0,0
8cc2ab1816d5486195fe26f7ee069d58,0,0,0
8fe5222fd6d1415082f3fa39505318ca,0,0,0
fc33b92b60314ffbb24075747bcb857c,0,0,0
3c2baca9a1044ce9991c21eaff5eafd8,0,0,0
88f27f2d89d84d689bbe1ba584e211c5,0,0,0
2bedb613389446c789435277246bafca,0,0,0
9e807dab53ce47cd9ba4e38918e854d1,0,0,0
58a6801fbf32464a8d6fc34db3bc991e,0,0,0
94d33e0178e94208a2aaa2933926d661,0,0,0
d53f7f10a5ab4ea580a7445035cbc8b4,0,0,0
4c1951ece37a4b79890b361cb320469a,0,0,0
136ca89bcb5d441c877de80ebbeb6490,0,0,0
764f6ea512c74d1b990bdec0e0a546b9,0,0,0
9077f802d91b478f8db694d3b8499522,0,0,0
cd63ea52931a415db6fafb6095d740f7,0,0,0
aea462d50c1548abb9e01fa60251a4ad,0,0,0
3fadec8f45ae4b6fa0af563b3ecc2a4a,0,0,0
456223e9890b4e2e919f45c1d17d9268,0,0,0
b0a22ac442ec4140b45de1d512929430,0,0,0
3b6b492951f84fd98cefce3113971ae3,0,0,0
5f9c15b753e1427dbaea691514dfda07,0,0,0
e1a817036c064ee8916723911e8640e3,0,0,0
659ca7d0111b4b539835c5d21f2cc31d,0,0,0
69c91a8951ed45b9b1c0832fdf75dcfe,0,0,0
511183f93ba649bbb2fd35ac6e9dbc00,0,0,0
1bf2be9b79f147d18297ef7490a7dd30,0,0,0
ecbf5fbd21624d5d872b17609b6616d9,0,0,0
a4d724f38115423284de93129331fdc7,0,0,0
4f4f27a87e4e424d916114f749ea30c7,0,0,0
979afc5dbfbb44b3ba60cb5cafedda0d,0,0,0
03b2f545a837428188cdd8649af75897,0,0,0
7e8ac490e6f84193a96102e057d2c204,0,0,0
3d5bce87412642248767e15e69469372,0,0,0
f7fcf1bae56b4f6588c820481adaff61,0,0,0
23bf6a7e482840a9bafc2cf1204e84d0,0,0,0
199235cc58084824924d94235bbad767,0,0,0
ebac84baa09e4c6ba4d71c6e517b2f74,0,0,0
097bda2bbb3c44f0a81461572da8113d,0,0,0
3f701c53bf8540758579b1999129b369,0,0,0
7f0fae39e5094074a87cb6206cd65ef2,0,0,0
5eff487b43e5440588131cf1f2a806f9,0,0,0
07ede124c32b4d89ba8cc1f01091d322,0,0,0
601b90857afe424abcfb6291cbb534ff,0,0,0
02c0db1c441f42f99f31cb1fca3d1c06,0,0,0
d2cf7bc1308c4d1b86973b4ad1336404,0,0,0
603f6b1faf434371bf3677540ee21227,0,0,0
f745a3bf638a40dd85e29ce98d8c2aba,0,0,0
9df66f4cf606401998e65cc1aeabdb17,0,0,0
774b1372e98e43d8ae792e15d246d2e7,0,0,0
9297f6e3bbf646c19c811b380f5fbc55,0,0,0
e12e60d414e94688859f0bdcb36979b7,0,0,0
9bf70d9f93b9443c89b19bfd9503a56a,0,0,0
a0a5e481c5c24f2ab4e4905d52449e96,0,0,0
9ceaad509b004eb5a15bc5d39089aeca,0,0,0
559a83c2b6c64ccca4796d3533a051ba,0,0,0
fbce2bf4588444e492e9a9e66fadb5fa,0,0,0
050910e36ac9414c91bb44d962153689,0,0,0
86028d7e79e14e0790334948dc507179,0,0,0
eec9033948a64fb2ad2dadc2be670c28,0,0,0
de933f9f3a3d4d64bf1cbd127c1733d5,0,0,0
4efc21ad363c4d02b35319a4471a65e9,0,0,0
7b708eb6eca54256976220baf01508de,0,0,0
c13f32e90f194abb8299c146a7f45152,0,0,0
81999e63ec744b079b238f6bb3662df4,0,0,0
4866abceb20448d38ec102dd1a4634da,0,0,0
4de17971ade543e9b49acade5af2ce84,0,0,0
b62212a000d942818155585786624a26,0,0,0
153723a1fa8a4b6da917f058466e0cd2,0,0,0
441b6f912ca749d1b9f9e19f0bfc75c5,0,0,0
f4ba8b92d7534b83ade9b8b548d1a17d,0,0,0
4f2496cb6f414802aced02ba0cdd915b,0,0,0
b99a3250408b47f695aee002830b2799,0,0,0
b039ad810a434a6e8979ad9ee5fb59f8,0,0,0
de17e14896824460b354f6756e8391ad,0,0,0
d920493bee8644abbb7ecaa0bf69f6f6,0,0,0
4471fcf26b3847ed88ce41eca5ecb13d,0,0,0
4ad7f55899684836a7cd42ab37f27972,0,0,0
451849fe19af47fe96647487d4920f12,0,0,0
ab178a6f3b0940878d38744498df88bf,0,0,0
