84291807bc3a4c9ea9f5d7f7ef53704c,0,0,0
082f6f6ac7c241669643586b39ce562b,0,0,0
e42a8231f4364b629cecd35d58c43635,0,0,0
91138dab74324afb9535c61c30c8f830,0,0,0
a5aab4ca936e4ad780431bd6e13bb534,0,0,0
c09569d9a442483ab65364b18a438d1a,0,0,0
9b253c8eec6c40528ee7fbfc011316a1,0,0,0
7f7d2a41ca0b44a58c987833692e2791,0,0,0
7fde4f88b5cf4cda9a2f31331fd7ca22,0,0,0
5ca7bfc500ec4d928285e61efee2dde5,0,0,0
f324c5a2e85c4957ae6b9073581f3452,0,0,0
d5c6ca3ad0204601b6c9c0280a0e144e,0,0,0
79d2b1c2f82d4c15b1e6a74278b6e560,0,0,0
1cf9bfa7442841e9b5edc64590d0e879,0,0,0
20c874407177474180a32c6ea562fce7,0,0,0
0e6e6b0332d745178dd37fc1d4a710a2,0,0,0
e7c626147b2247f08ca9422d481b8107,0,0,0
6c47cd8bd2664281bec3740c473946f8,0,0,0
8819dc622e7241c2a479ba1f49af460e,0,0,0
1818ffc4d0eb47cfa726a12d3cfefee3,0,0,0
ceed635a9b804a13a8db5fd5cd755281,0,0,0
c6cb369b552f4d3384095bc19eb46e40,0,0,0
cd9fd57e2de04c39b87e7fbe92e80a6c,0,0,0
87e385b82c704a29855826d3cf4f79a0,0,0,0
4610dfb32d044ad793cf8640a7ede0f4,0,0,0
4dbad4e837894372bf2dcefe5fa85cde,0,0,0
f8f15aaf58354ce1b990df2ab33381bb,0,0,0
3ad040847d7c48788baf889755ecf33c,0,0,0
cf726b6c0144425282245b34fc4efdca,0,0,0
4c793e5198034f3eb52a199745373fb8,0,0,0
5ac71b4e9af64a6c8fb4a2f8fde8a239,0,0,0
3a256f31181143e9844d11ca49211aa4,0,0,0
03ff19f1d0f64700b3b51346cdb554e0,0,0,0
3beab818935e4ed8aefd2d4d080130fa,0,0,0
a93b8f09613947edb32ce61dbc51b0dc,0,0,0
128f2cd37ef241cea64bc179a8be82ae,0,0,0
759c8882206a456fb163093de8c0abcc,0,0,0
43f8894f1a9446599a6c89732aa3f2dc,0,0,0
c4e9e99398d84df5bf0150c484ebcd01,0,0,0
b1242fb861d84f088b13240a5fe3ccb1,0,0,0
89f70e0571d64dbf99c48e56287b997f,0,0,0
ad6096a762cd43788ca5c5c37fa06c36,0,0,0
7b19d99c586f456c8095502d78d0f6f8,0,0,0
bfd3e9defa8742118917a4a5cc9190a3,0,0,0
0f69425af2544c6f981c0ae9a7f9b829,0,0,0
24f4450a5eb14381b8ed20ee31ac44ac,0,0,0
dc3170aacd3f40f2ac2f5b726bd75b88,0,0,0
be686c9f317c40469fa7d4b638023726,0,0,0
7515999894aa42ffa9ce63c8cabe246c,0,0,0
