9a671e6915de4eb897f45fee8bf2031d,0,0,0
1968a423a44546ab829a498e305ef2f2,0,0,0
a74656ded04545c2b00ab4328c5ff5d6,0,0,0
85aec38fded44cd7b6b869226400666d,0,0,0
88fbcef337184e368e3f035a181ee763,0,0,0
33da8b14bc224e7e93045cf3e8ba88f1,0,0,0
224bbce98d37406482348841af387f4e,0,0,0
8b7a414f32e54460975d6ffcee6d5c62,0,0,0
92852ee8512a4ca1bbc5ec79b6f9a4d5,0,0,0
e6a0ba22488847889e7278f26d15f5d5,0,0,0
c04bb819872546cb990d58225c0c2a94,0,0,0
b5f2642db58d45cd861d4739127c24a6,0,0,0
ffbe14a1bab6497abb439dfcc3cfd11e,0,0,0
49c11a97fc40490894df81b13132e066,0,0,0
f53c36c7f710428e8968b95e8d7171c2,0,0,0
536fbbcaf1054b97afd961dd2cf0ff30,0,0,0
9adb4cea1434445d81f50b9890c88cb2,0,0,0
48bc1cf743314baeb582a3f6758d739f,0,0,0
fdd8d01096db4eb98d60bb3940d61d60,0,0,0
066966700e5c4232b29fce9a62ecd7ce,0,0,0
e98ec3731cd94927a32fa5ef8f309a23,0,0,0
3bd23e8f54034b348144cc65465d7513,0,0,0
42b2e0af1a7f4df996cf75e5ce2c3d2b,0,0,0
1c8fadda1f6b4e90ae5b99f6af5d7e4e,0,0,0
3022d6bfe51a4901ab8de19ce208f75d,0,0,0
f8af7c76c9eb43e89eaae8452115707d,0,0,0
b49e1549d07e4989a2b171c6615c7ae8,0,0,0
9fa882fcc3e3446a9479a17e534a2f62,0,0,0
455493aba8994f979c9a71f2f28e505c,0,0,0
7c3ac3c542374271bea9840c5300f756,0,0,0
3dbba098afdc4a3aae4be4508a0f5353,0,0,0
5a2bbdcc310647c98b3b99c7c4a7cd4c,0,0,0
36fa04dd448a44449f4f02628e1d6664,0,0,0
5ca767202def47e0a9c0b27169f8c98c,0,0,0
20db218ae92c46e6899cd3c0bb1c8d65,0,0,0
6be1e66a2e7e452d88600ca49b16f7b3,0,0,0
14a6c204205543dfb373ec9e556d5b37,0,0,0
1e39d6679eb94302a094408f5fe15de0,0,0,0
13ae1603f381466a86b3d1dcc884366c,0,0,0
b5e02c7d5ba04d4d924ed00bbd8ce138,0,0,0
71052f220a114159b978b42f509137da,0,0,0
369fd5bda3cf44b681dab4854533d40d,0,0,0
aac0329ffeab4102a261938ff974ce8b,0,0,0
8beb518ec95f4f4c89ca17861fbf1901,0,0,0
9ac6ad03185e4fd5ae98f041bcd0f713,0,0,0
1890cf5c07ea460f93411a6d2cb39edf,0,0,0
d8d73b6740174c2699211fed13e236af,0,0,0
ef9de19b69734243bb3c0f65702a03d3,0,0,0
f478660614aa4f26b558d5f2d63316ca,0,0,0
4cedb1dfbb2c4bbf89fa6766f46cdd4a,0,0,0
a5d7b22c3e6d4555973873cbc407a7df,0,0,0
ed835975528d455d8e1ef819a8fe20b0,0,0,0
95fd760525864a7a97f864d9b6dc58f5,0,0,0
6c767b50d6254fa9a0f5bb8d3e27f85a,0,0,0
a72f8ed3843e4287bc4642271aa77a50,0,0,0
84ddee2c46b4416fa47c5e55599911e3,0,0,0
2a64ca55c0d34cd9acba8994ae10b7b3,0,0,0
933d5ea47ef94f8088e243420d9e6b8a,0,0,0
eb54e3d82222467b9fd133540282d089,0,0,0
6ccb83950a184fa29b3242b624ab84a2,0,0,0
cd63578fb7c44a1dac44ad08819971e9,0,0,0
85b894c0b5284b3f8c34c1f4ae7716f5,0,0,0
9ccf1bb4b8144b83830c3f0b10d65018,0,0,0
234b833c509f4279a5f2572db469a525,0,0,0
649e0025c3e940fcb99ca5e420e143af,0,0,0
010c38b965f843419fce46d0156b2c16,0,0,0
35c8c2be4d944df6afcf1471e53352e1,0,0,0
2bc6812703fe4fa3ad950f15d6957cab,0,0,0
8ed2cc9e75f84c42b59b5687e234e98c,0,0,0
908ace599b044f259ce175291d9fa29c,0,0,0
3e087bca7f4c4103b17ff12c40246b46,0,0,0
699de5c3711e4a37a3cec09b540617b0,0,0,0
8df951e9865f4877a7f83e476aa8c957,0,0,0
358993b0aeab41d084dd77a731f60300,0,0,0
d0b7b883da2b432884588221a717b7ed,0,0,0
317113a25d7542009c08d87eb647c778,0,0,0
3b0bd3ee65654fc69de997dd6af49068,0,0,0
2307d1022d2d4c6990f3a3d54ac796ef,0,0,0
7bcf43cb06b243739d702d44bca98aa6,0,0,0
8bd665e5e25f443eb114fe0e7461e9fc,0,0,0
010a9ee34d4b478f85d584855c2b174e,0,0,0
77e591ef9fd74be9bcaa45ec7692deb4,0,0,0
200d479334cf48f99d62da575fd48cc6,0,0,0
