6ce4614650fd4294852d7fbeb89ef6be,0,0,0
099839b0911a409787e237301c90e418,0,0,0
994e59a2e5cb469eb29c7ff68c6d49c2,0,0,0
611214ad029a4d4da4b45ebb8a257b3d,0,0,0
31866025bbc74d7fbf99524d81d35bd1,0,0,0
3f2dacac25214cf4951aa1294825354b,0,0,0
9e7bb9838d0e443c89775617be087d76,0,0,0
7292b16bfe1540b8bcc46d523b14b241,0,0,0
cec763dd78394e3dac4b14da1611b51a,0,0,0
d5b80b4e1a3c4a2facd2f1cd2a004b11,0,0,0
84bc1a6b778e45b6beb6b83e07c38ab9,0,0,0
1ba7d881e867480585d80c1222f54028,0,0,0
6d88b250b28f4f28afbcf356f6a33909,0,0,0
75e91f60cc2649228daaf6393b7d10db,0,0,0
cf638911e4b74d188c30f79332ed9922,0,0,0
8d01d3df74ea481bb82fd00f4ae6bae7,0,0,0
0b4d4c11e012429e8dd6013502094ef3,0,0,0
b3e4ec656ec843ea86a932b08131aed9,0,0,0
7b8e2f039e884764bd1ad6cbc13d9bd0,0,0,0
faddc614417b4861b4cd05176a35b947,0,0,0
5b177e47a0d1469695660f79c0c777b4,0,0,0
0f3c63abf672414b8e93962fa1a507c0,0,0,0
4e9e9f69704e4a55a0d48117bb06a343,0,0,0
b9a94cf38df045f38b32c07c6fb26376,0,0,0
da25a53c026245a7887e1d584aff79d4,0,0,0
fadac209cfc04129998323d048a5c908,0,0,0
5dd04cfe127f467488b4828984f6b45b,0,0,0
8b1537dc0668496f963a3f2ca739a17e,0,0,0
5e65c1a2439f4594b4a433c805221c05,0,0,0
2c6afdf7346a4dc3952b97edf85cf144,0,0,0
6c160b1ba8564c09ab8491590266f7f1,0,0,0
b6bcf908137f4b2d83d66e5fe6c35656,0,0,0
cd004d728b1b4fd9868416500f7b6cbd,0,0,0
5e5ce62aa2f540f1b5978222f8a9deb1,0,0,0
a1edd25cb2074e288a2a3e1948422c50,0,0,0
00ef8a0394f447c68796213e64155467,0,0,0
d0c0af3de31643d79bcc9ebd057ce6e2,0,0,0
37ff2e51c319423fb5ea58a67b13f388,0,0,0
23dd7248d68845378c8f4a1d8bdc103e,0,0,0
321971f1bde54fe4ac33def30bdc5921,0,0,0
78ad6e43879c433ea88417b72e61c80f,0,0,0
d923642e556045c793d530b609504b14,0,0,0
d9e75c0e52ae4a949957ac8f82f2e3e3,0,0,0
2ba2fb8b245f40d2866a676ebaf8791b,0,0,0
4ab6a2ca589d49899f8d7d66151fdfab,0,0,0
7371cd65c74040bb9f8aa46f25ceb658,0,0,0
7a45313ee05048f2bfa610ac81986e1c,0,0,0
c2e3d3b973294b91bb895469e6fbbb83,0,0,0
8906c7b18ea149a786d9f2cb83bd2f16,0,0,0
90ad5bd4009c43689742a4c6630fe365,0,0,0
d2ac4c15536f4a62b285088387a2c9b8,0,0,0
8fe8f1504e6c4fc882ae866ad5ab54f2,0,0,0
e40a12cfb5bc4f4dab071ec7458d378c,0,0,0
f60fb82c0b6341e88ac64e0ac7bb0e5e,0,0,0
bd0a7e319efd4fd98e373a3d2a025566,0,0,0
21d98b3051984309af072f3fde91c49d,0,0,0
389f67e9de9b4f729127c2bc2f67a316,0,0,0
9f6684e165434894a5185bb5c3e2c275,0,0,0
76869bdceadf4abf9d834fc7c9bbf2f5,0,0,0
0d89ca4056f64d8d90bf03250ca64eb1,0,0,0
1bc1667739744f67b2d1bf0566bdb3b2,0,0,0
4e35abb87ff34156956043cc86a6f817,0,0,0
eae656fc42b1467089883eae9a69c9da,0,0,0
585d35a46dd644daad1a135634207b99,0,0,0
72e7bae027f34e898f90309032ecd3a6,0,0,0
10eb95bf6d0541069c5f084cbb146f11,0,0,0
1509b3e5dce94a3a91dda769c5b28ba7,0,0,0
630f0ee6e8db4d518e31d932d2c5ea4c,0,0,0
945024ce4509453da087d54e7f7a8ede,0,0,0
005bcfda078e4a79892f5477b347a7fe,0,0,0
5038f4f54ed14bef980e59f9e76ce0de,0,0,0
e1f821fbca3e4136a79433b2e52ca1af,0,0,0
266d088e5b444c7ab90cec89ead1a8a0,0,0,0
babbef7305e34152950788aa9cb363cc,0,0,0
189a4e9b647b4f3196dbf64b02442082,0,0,0
f59c4b4ff65e4a539bbba69e67de001e,0,0,0
9d33a07061f54a5eb58588a5bc9f10da,0,0,0
74e7d3ed76fe40b8a0d2ea19aaf4196c,0,0,0
200846287d844664ba5ad352819a8075,0,0,0
bde29f48ab814943baf4a7193d143d6e,0,0,0
f12b7ffe7f9e4ece9bd927edf6b52b71,0,0,0
1ad73ac43096496f9b6084071d1d944f,0,0,0
60399cb6fd9d42a7a364f155fd152361,0,0,0
846adaa1177c459892edfe6f5eadafbc,0,0,0
03732a8d7aae49dbaf9b3c25a3fe96d0,0,0,0
8368a40efff243108ca481fa695758af,0,0,0
dbf9e5bc313145648aa34e10b86ec1bb,0,0,0
1cc611304c434e83b14d30f397f0bee3,0,0,0
ddea830741fd40b6b4f71f82d9b1f68e,0,0,0
4187ed8e4a504b7d8caeafa3a0627031,0,0,0
bb2ed22637c342ba8acb80a377f234f9,0,0,0
6acea2b64c694b948f50da07d88ed31e,0,0,0
e8d145225316479db17c06bd77df5054,0,0,0
852a2ee396184da494b42dea29a8b467,0,0,0
3d11e46400a14c6cbc0ae42a5057ae97,0,0,0
266e6bf3657149d8a116533e34e6ebf8,0,0,0
21571a0773434c31bee1950f57be3410,0,0,0
4ab710f16a804ee7b525322add24f9bb,0,0,0
4504315e4d534815bc6f3080f3619cf4,0,0,0
5ebc7429c5344395b9849773581b6ebc,0,0,0
77161450d1594012856fe88cc05b5a05,0,0,0
03e418be259e4659bb47e1734b02ec67,0,0,0
61be682aa2134e078e7fd254214ea972,0,0,0
93848517830e4376a3d3576c16e3685f,0,0,0
b409b06f51b843e3948e146f9e7d7526,0,0,0
ed46f2e3d89d4f2ea2ec7b14affef69d,0,0,0
29a14ad501ee4450970fc128d32582d6,0,0,0
b2c2abdd75de4ea6b203f890bf89cfb0,0,0,0
884e06fb5a9141e8917de14fe8fd8de4,0,0,0
c6708fedf6b241148554f8d8592036b6,0,0,0
12142264f293430ebc8092e16b47cba0,0,0,0
7c0b96985c344cbeac0f7c69e11dc60e,0,0,0
a1890da72aff4056b962636cb8ba8715,0,0,0
1aba6e328b4d4211900d8296b88f6127,0,0,0
a962ef167bc24937ae33b17d09bbcb0c,0,0,0
0cb7f98845aa4939a1125d430acb7183,0,0,0
64884ee49890488f91f1002227e486f4,0,0,0
6e1e3e8662774c8b9906d3c0a3b1ed3f,0,0,0
91d591ede2f84f2fbbe0d432feaf22ce,0,0,0
e164d087432749c6b062e38097661fca,0,0,0
b551670325194c5daf5a1a230d164734,0,0,0
3ca6ed9c10ea4e07bf201598b6e5b8ae,0,0,0
40db7e27cdf04e3f9e4569bda65b4bb2,0,0,0
764cb58a8d31461892ca6bdc675c14df,0,0,0
377785e3a8ec4ce7bff6de3035f6fcd5,0,0,0
5ee7559f2e4e46cc9a20562c3afb7ce6,0,0,0
8d809c69cc10465abc72da3431e8f2e9,0,0,0
d35b945333f5413a9f5586b794cd2680,0,0,0
c58491dbb82c46c69c0a85cff3054ca1,0,0,0
e8c8165c6e8b4f19b41d23ebfe3c75ba,0,0,0
8db786868c1341709ea8777cb822e063,0,0,0
96e014c3d5894319b4155277e04ae637,0,0,0
d6dacfd7e57645e2a6c614c6402fb168,0,0,0
9cc6191a6e1642f984e54b1a79b83761,0,0,0
baf515d5319a4892833962977e5548d8,0,0,0
013aeede69d04db1b99dae6124da4fd5,0,0,0
abd113ed091944859eb850ae7cc51595,0,0,0
2335251f91a843c3ae05e1fec482438a,0,0,0
975241bb74e744ed97b658a04f189d47,0,0,0
d4187eee459c477eb49e376eff9fefb4,0,0,0
36fec70092b64b44be632df45ee3ae20,0,0,0
56851a5dbc8c43179c9c74594cd3a554,0,0,0
cfd9511c06b34cd1b89ba36919a4e6b6,0,0,0
6ac0bff3d8f6441e87513a6ffdc2cd3b,0,0,0
10b11d5c0cb7449baca31324b6a371bb,0,0,0
ddd6fc6901314a44aeb414652002249c,0,0,0
bffa1faac5024b19abf8b4150e634c9c,0,0,0
2448bb1de37f4cf6948c822a927feea7,0,0,0
708553d21c3d4495942f12bf572c1814,0,0,0
bc8c5173ef9b4cd48bc4cc36e7dc264b,0,0,0
38622c54054e47b0a9c83623e9b8d91d,0,0,0
8ff6def5ce0e4ae097ca29d2fdef26f9,0,0,0
cc95ddcf10124284abb7273dd4759939,0,0,0
ffd41f034ca44fe280a59b6a192be618,0,0,0
076a42f6b3e7408cb3a2ee5f2c6d637b,0,0,0
2c30bda8678b4fc4b3918476affbc2ec,0,0,0
49460faf784e4d93a41569491260bc9c,0,0,0
6f1665f159cf4ba098116113c10f5ee8,0,0,0
36ba7aeeb72e40d69e3e1c775e4bf541,0,0,0
c645fc0e7e2a488fbed3580e98bd041e,0,0,0
52474bda7e7043e1be591bea75e3b3ff,0,0,0
1d895bede46e4ce09393f72b7d060631,0,0,0
ea8c31ffae82450f87d19ca1ac4d01b7,0,0,0
1619aa4c11c445d092b43bafb4eaefea,0,0,0
f93b1f2597b6492cb03b4e70763e6a93,0,0,0
73de1f780b804c92a2441ac92c442c49,0,0,0
5e6b957e1751425da6eb622ce0999d34,0,0,0
52131a7696fc47f4bffd1c0cfd57a454,0,0,0
2618e52c54014501b88069f151ae7d5e,0,0,0
ae105aae572044048f1e24999e387b8a,0,0,0
924f1f75e17748f8a86f11009eaad55e,0,0,0
8e0a04db99fd4c61a9f669d2e6e421a8,0,0,0
37e7b9950ba44d86b27ba9c5145efe85,0,0,0
0f01520129074da5b4c0c58d72442c3a,0,0,0
be255b95116f48599c036544957334ec,0,0,0
7bb04eae8e45423e9fe9e1d078a6924f,0,0,0
29da42cfffac43f9a6318ef1c575cd23,0,0,0
cd7da3a3c0fd4fe69544b18a0b1bea72,0,0,0
216c427533564466bcb81b7d8082dd8c,0,0,0
ba3207f81c55467fa7e6760f6232fb07,0,0,0
ac29866722854dd8a41555cb7c65c2ed,0,0,0
dafcbb94981f4b719d2cbb741737830b,0,0,0
8ae030e5a5504a7eac1269be9eafe6f3,0,0,0
3384e4644c644c85980470220aa3e101,0,0,0
933b9d8733a84a5bb2d666cba6af204b,0,0,0
f024f440e6c44f7d9771e95b4cdfd370,0,0,0
bcf71cd8fa804d5abff84ad22a552450,0,0,0
983c7b967c9f43bdbd43508435840af1,0,0,0
a8141dab5c2447a4ba107ddbf43c009f,0,0,0
0026d80fc3c84d91bd088b831d230738,0,0,0
d9ed62bd923d4c4fa604ec76b008b631,0,0,0
ff9dadef883c42689cabf60157eecbed,0,0,0
85f8ca653a7d4d2c8b5415c12bd0abf8,0,0,0
ee41ff5a69d9462bb1fe6866d3cba232,0,0,0
238a6b5dc8044fff8d86b5dd1b428074,0,0,0
5787a52b118147cdb26c674f5cb676cb,0,0,0
5e770c44fdbf44079e0936d2e1aad894,0,0,0
53608606748f45c5a69723f062f1baa3,0,0,0
2b34f57b3e254473bf1317e43e250c32,0,0,0
c8c79f5ebf494d4eae51582a5fc08d21,0,0,0
5d9cc77ace3042638282da500e645ca8,0,0,0
3776bbf192e7459da28245fdd8712acc,0,0,0
ad945086480e44eb9c6cb83c63cd7864,0,0,0
8b22751d94034268b26b9960c1d28e4e,0,0,0
d193970cbeac4faeae3b9bfee5c35125,0,0,0
14e9295fc7604291beb548e3f69f54a0,0,0,0
a4843bff16f64daca90b28d0c43c6b00,0,0,0
45aa201f03e84e51a94f49c04b60ccf2,0,0,0
c2ff7eb5559440649b93ab262df88a9b,0,0,0
966a5fa6c049457c8ddafb05f6063443,0,0,0
f5bef118db5b41849ce63cbfcefed938,0,0,0
3d8ad75bfd9148c29e199b69d68d30d4,0,0,0
062df9954974450a9eb914da2727062d,0,0,0
ec1fb8a79e2f4a46a7e758dd00834caf,0,0,0
e10169b3980a429fa3fc72713215d1b4,0,0,0
ea1d38c4b610463396ec72fdaf5d5ece,0,0,0
43849d3264fb43a89ab7aeaa0e1adcbb,0,0,0
