bda8025f20404048a77381e9e0dc0ccf,0,0,0
92b53ec4323443c1a4f64e6722f0e8f1,0,0,0
2d96b26cda36427681eb898e2f050acf,0,0,0
d71d7cbdac6643458be30ee6ed4777df,0,0,0
b7edc2ba5dfb4efca54cae50b9d40b27,0,0,0
0c589847582145febe410715c1cf3866,0,0,0
58351a02ce7742bd9a6674db0131a534,0,0,0
e502b3639ef645bdbbc7c51c8d72eb81,0,0,0
861d5b5760744c5b91f9f3fc50b9f5e3,0,0,0
89e86606acae450e99ab412da3e1defd,0,0,0
2f2cac014c7e4877baf8c45690e5f8a4,0,0,0
f945162ec27343bdbddaf1dd4977e2e8,0,0,0
7bd607a0d5974fd99ddc913595bb9883,0,0,0
3eb5a1587c244eebba6d63748a57b9ad,0,0,0
7809ee4664cd428c8831a1267d23eaff,0,0,0
913cdee3c5a0478ca632424e5584cb19,0,0,0
e7bdd12ac3f3497fbfdead1aca566941,0,0,0
69da3742bce54199a1f2a49ecabf8618,0,0,0
fdfe08487f014933b7aebf4930aafbf8,0,0,0
d3ed1b6f834c4951a939a14efb6eb3f4,0,0,0
9a7dbaeae4f049f09e3e7472d11e796e,0,0,0
0f3465d1a89e446281cb6c39c2c63cb2,0,0,0
0d31b7f9341e40c9ab508eb53168dfde,0,0,0
96c65da51f1a47f6b9ffa425b607b6b2,0,0,0
6e58a7a5583847d7be281fc41b86c94b,0,0,0
69c059f0f5c6450e8cc5e6459bd4cb3c,0,0,0
14e4d7d9e58042a085685ceedb7f23da,0,0,0
f636b5c9907d4977849eea19746caf67,0,0,0
6536cc05bf45478aa2aceaa3bc575b61,0,0,0
0a41d3482c2b4bccb3f7503fbd34969e,0,0,0
98ada9cf49e441539d91b3f45839539b,0,0,0
ccabfad5dfcd47cd821e57a15a58d55c,0,0,0
94b984416764411c9a7aec89ac280670,0,0,0
432fbb4e9d7c47698c5f204563bc9dda,0,0,0
63628e0fe6084baeb6e5005b14753793,0,0,0
11cbdd2fbbbd439fb12def19ceaba67a,0,0,0
778fcb7553fe4322a49ddc62554ce081,0,0,0
d6d760a338fa40b2ac5f4071dccba708,0,0,0
e31bd661d403497ea15d4398dd336795,0,0,0
57ab15160eeb405b95a83ad8c5a2b2e0,0,0,0
f9d2ac8282aa4f5b9a65222b651fea6c,0,0,0
9d965dc650ea4edb84cbfe672d10befc,0,0,0
91a3d213de5a4516bdad5c8693919fb7,0,0,0
f54252cc82224351a83879dc1f676d94,0,0,0
c798bb077d24453292903021021e1c23,0,0,0
83108d9e987b45c484362f5cda5b1bd1,0,0,0
d0b8e8e2ffa645f39d418a32c6cfb695,0,0,0
07cd02ed4db64d8bb7280d4c6a53385b,0,0,0
565aa4a845ba446481601ca648d03807,0,0,0
031986523c3c4e88a26dcd27e9bcff7a,0,0,0
7fc741d78b4248018bbb3a24bc0c2fbb,0,0,0
f17490100cc04fd5876957a00a6237b1,0,0,0
875061238dd04a2ab9bfaf8d85d6c549,0,0,0
2cac7e9bab434773912d004fac524373,0,0,0
39a03200d75141b79e1f306fcca75c46,0,0,0
54e82ba8203948fe89d10ad1a7e562d4,0,0,0
fa41a8025f104d95bc0ef4635b65592b,0,0,0
1f9c76967f3b46ec87c1c58a86094a58,0,0,0
63e33ac709a8411687e5b4a36dda1c76,0,0,0
85b4d3014af0457e9bb0827ea6e18925,0,0,0
fcf3b78d35544555a69e47f346b63e38,0,0,0
b3191aeb9a224993b6dd549b8d6a732b,0,0,0
f988fa11ddd7405f8427445a04494022,0,0,0
6c776704f4dd44f985b0bf2d441dfb92,0,0,0
bc48486938fb46c1b18c3a30767283c5,0,0,0
e4a4df0cca7d481fa58dd0c483c08da3,0,0,0
6b24c7c2fd9e4849b75eedd5298958d7,0,0,0
d28afd8227934d9e9845a151839f2501,0,0,0
6a2ce6dc04294e55af92a617d00fc4aa,0,0,0
cdecf77c381d4468a4aae22ddd6a1202,0,0,0
dbfa6331cdc2481ca6c104ead7344e72,0,0,0
3a57f8d8b7f245928a1b5529333ae474,0,0,0
49888a3fad204e94a546db3b697a364b,0,0,0
3a9381248af24e2795095eda5bee2270,0,0,0
7dca42b9f8a04177b4766e6b90a76aef,0,0,0
0cdb095289ae43a3a716316982c644c3,0,0,0
1f82c88d356249708e9b46448be7034a,0,0,0
4d2108a6225f4a47b19f54fa4a61588e,0,0,0
d0fd62a0342b4cf1ba722c39aca257ce,0,0,0
f106c5744f8e444d931ed9bdd12ee3aa,0,0,0
fd23ee9232f54604bda2e7cb0d4055d1,0,0,0
67635a89fb324efcb365622f6b521e1e,0,0,0
f3c8df634cca40529a3072200d6820d4,0,0,0
5f5b895c833b41afb1db0ba29afce147,0,0,0
2f59933fa37143049c27c412c3133c55,0,0,0
9638fb3433444ff2b5c1a0ec5078c1c1,0,0,0
70c72b63efcb428392cbd238fb0daea2,0,0,0
459819a39f89447ab8dd531fa38f0c3e,0,0,0
fc8991e507984600b21065aef5b410b5,0,0,0
25fd42e757ba44a3ac83a72232f46b78,0,0,0
561539769a374a5fa17f167e4394a4c1,0,0,0
a56597b1c6b54d58853ddf7a3679064d,0,0,0
1bc6dad179a6490691f99433c6e45ff6,0,0,0
f1426ef89da84f05bf939918945f71aa,0,0,0
edc4bfabaa6c45179cc2396efd2e3b2c,0,0,0
0f5c56e60cbf429eb30903125c3035b6,0,0,0
13a8c23dab5b473fa8d449a126b949be,0,0,0
5588d14480e84a6d9b0cc3db4dac8f50,0,0,0
0e144a6507864b6795d4001a90cba761,0,0,0
c75f71faa8b74a8eb875731b3dbe6183,0,0,0
77eefcb6288a4601867939fa3986485e,0,0,0
aa5bf4cd5d0448bf8be5f5dbc0b53fe3,0,0,0
ab91de30c3174076814e98ad102a4ec6,0,0,0
d12c77e484a94e30aa39907af1444da6,0,0,0
43a3580a4000475daccb96247de571f7,0,0,0
4848ed4db295441c8722127d3df1c8c1,0,0,0
797892fe2c154f389c03ff6e055eca25,0,0,0
df71c020d73c4eacb3e06d46cf1c3815,0,0,0
6b5e5f6e0e77495eb9333b0a741116f9,0,0,0
c20fd38e5d47436ab69c8d4589435089,0,0,0
5c727ef012ab4815816299f46ead2798,0,0,0
e55eff57b5e14179945d5a382490b210,0,0,0
401c33266eca4b04be4f4f3cc3b1cfe6,0,0,0
4b1bbb88b7e444a499ac7c261b4495c1,0,0,0
35a21f771ab04beb822d7262329d194e,0,0,0
6cf6b7435f654b3b9b6b1291b1893459,0,0,0
9231543c6c484c939a501338ad8c1db4,0,0,0
ca50e3a88177404aa2292d77d84e7ace,0,0,0
20216703be7341b89b57ea2165e6a9bb,0,0,0
dea2f4ebec914445afc126de6babe1fa,0,0,0
e87821ffeea84cbd91ec089a6ba66862,0,0,0
b7f6e59a538545ae851c5b92e723d3e9,0,0,0
2235ba2794bb4c68a1fb0ba0e2bb5743,0,0,0
be698bf5eb97439c98ce83c945aba879,0,0,0
0848b92566414eeb8012295475318c49,0,0,0
a62b78b98e414ae38ff01d404942ea6c,0,0,0
d8b984d439ea4b09928f11d867f661cb,0,0,0
9114a9de6a67441b801696e2ba8a1003,0,0,0
1d47ba7d0b094cee93aad6322445fd4b,0,0,0
844cdb7f525b4a0491283657748f8d9e,0,0,0
02a0be72ae5f4c36935b1496abeceddc,0,0,0
c1e3263cef454a859206fd408421552a,0,0,0
ecf7f32b104046b78316ed4194fad634,0,0,0
5ef3f0f5642a4858a7dbc2c20dc04842,0,0,0
3bb850fc24e942a5af497960e0c4bd0d,0,0,0
4e928c0ff7504619b7c308a354c78f5f,0,0,0
dac07b3c33a341eabae4e12895cf774a,0,0,0
88ba02c6e8b84144bbecf10aa1667dd7,0,0,0
c637b66b6f804617962f0f9e2f2c0341,0,0,0
a7a41dd2adbf4a69a12d49254f8a14e5,0,0,0
