e3a65955df26467581c32613c4e9f865,0,0,0
1cc4eadd68a44f8ea569d7e0fa0f0bff,0,0,0
ea1e95c127bd4fc2aa6dee5e5911869a,0,0,0
260a052ae6d54a6191b6a67ebe726e20,0,0,0
12bb729952b84aeda97715636c383f5b,0,0,0
858a873ebc524be8b6c916058c9fcd7e,0,0,0
5252c175323b4df68d458d98ed00b9bc,0,0,0
2ec048e6886a4b42accfd9784ad29769,0,0,0
72b54d221ce64d19b084a94787657a6b,0,0,0
a5de243ba6ba4f06a669c82a84962d05,0,0,0
4b064f81c1454d198d703bfc686bec09,0,0,0
b24cc8638f1b41faa925365e76a8f37b,0,0,0
3b028e659d9643f2b4ea7e71183174e0,0,0,0
8e3cb86643cc4eee947faae80d8fb256,0,0,0
fd72266b8b5240adab6dd710f42ca7e4,0,0,0
3ccaba3056a74ee49cc92cbceab99c47,0,0,0
f341f09fde4149acaf9d05e10ce73481,0,0,0
0e5ba44387774783903fea2a1b8f53dd,0,0,0
e5567bd5fa2d4fde8a6b9f15e3274a7e,0,0,0
7b827ba320974abe92356d1794a5b53e,0,0,0
0fb43b728c084591a3510f9dc08f0532,0,0,0
69be720ef7d542f0ae989a5d7284a9f5,0,0,0
e9d208bdbfa74a77af1380c4c676ac9c,0,0,0
b76709a4ede44a26964499b4594f848a,0,0,0
78bed5216700412fbbf0b50abd153192,0,0,0
8a830452b3b449d08625f3d70bdd07b8,0,0,0
80c114a61294430d948ddfebe5f375cf,0,0,0
b82508d1b8c34f4cb4f7f50758660cd3,0,0,0
8b4e1e0ada214ee68dc9e0350cbad884,0,0,0
6db6e8e0d2734f32a24d98b31daf13cd,0,0,0
49c2ddfff6fb40a48299a9a0152f2941,0,0,0
b0e46bd290c54e48986720e3a466f2cb,0,0,0
b5dcbc0109a344a281d8ae467ccf3fc2,0,0,0
7d3989195df84736a00a89196b28866b,0,0,0
9545a36d1d2e4a699d38349a56188d35,0,0,0
4cadf4c67ccd47599cf71c2673b050a0,0,0,0
ee063d1562c147f586ebb9f6fdb05ca6,0,0,0
46cda3f8b8ea4c7eb5b056e8c57112f1,0,0,0
85b10d141db84c958ee43139acdc8f44,0,0,0
93f865a2b9104cd3864fdf80446b0e97,0,0,0
18cd7ab53ba747f1a087266806dd3892,0,0,0
7ab5d98e9a4a4bd294ccc244711848d8,0,0,0
cfa35925ff824f369fd0aaad8ff32f28,0,0,0
692b6f4ffa86430a9ee6dbb08ebf1806,0,0,0
e59b473271134f3e8d22fc5d67098c11,0,0,0
fb7129eed46c481f8d32c19cc1485db3,0,0,0
769eb15af51442cebe9fb127fd40085e,0,0,0
ebe92268a44f49fcbc8a8bba2b696f8a,0,0,0
5f316f408d4644baa49d6a64a123bb88,0,0,0
97f2297c3ac34d48ae13bbe0cb4f824b,0,0,0
b8e1ecf1bd044e7292581a66683e7993,0,0,0
d8f136a9c2a04b8ea0601938c2cfe374,0,0,0
cba11c45f3344fbfbb301b85302469b8,0,0,0
2acbfb62396d4ebc8a6e4d651f72004f,0,0,0
e26e2cb761894264a4a34b1046701f6b,0,0,0
994be52c338545cebf51c11c7ac15683,0,0,0
c31bc24bb660447ca1ce5a428f7744cd,0,0,0
d2dcbd73533446dcaf50e6be98c30386,0,0,0
c946db5792df4f90bea20f06a0030c37,0,0,0
58a485e2238841409830325f7e3d23a6,0,0,0
0c1a9bf48a2641048e4c373e72b2ff39,0,0,0
a1dce0f0e18745329e735fa5690af16f,0,0,0
243350c6d7724aef90260bad99534148,0,0,0
ad0f9860c83345d8a15f18d78e0e897e,0,0,0
eb494e29721c4b24a23187eb3dfc0be1,0,0,0
b3ca3a91700c49b8aff581d29df40748,0,0,0
d6973ff42e804a80b4982d2a2cba70fc,0,0,0
29138c57da06404d8a009f0deb20537f,0,0,0
eecde1151da54873b49a56c2ad9bd11b,0,0,0
e55388e971b140ef9a3cf12eddc4aa13,0,0,0
bb2332e3d7ad40a59ee5ad0eae108dec,0,0,0
cb1952009bb5451a9d5e869adefb16f9,0,0,0
6ef1007d4f8641cfa4102b27787f0210,0,0,0
75327de9719945aa8b893a6404667884,0,0,0
41ba6c91465a43019583252d9d537b07,0,0,0
c083ff948945461b882f657036d8a1d7,0,0,0
62598b562a764478bc79f602a231f27b,0,0,0
91971ceab93843d4a91d17cea37aa306,0,0,0
6417065f4cc44c4e874447714b3c2848,0,0,0
d9d1ec552edf495ba59a4aa9cebd3cde,0,0,0
5cdf619c5f87439b8ce220b0ae9e60ea,0,0,0
fa6d662db40c4335b899082f62b51111,0,0,0
ba3425d030404e46998ca7cf084a4c80,0,0,0
d19d2ae4bddf4445a3c623edc0346937,0,0,0
b3401d49d1364e87b067e354154ba4bd,0,0,0
17071ce390074a339cd62fa542beeab9,0,0,0
be7c88ff81f04b52b18125c6c9f4b84f,0,0,0
4eb453c8242741fca71a500f059bcb07,0,0,0
bf4ff06d86464dcb83b52ac92bdcafea,0,0,0
61b8ed10e81d46e09e19515659eada92,0,0,0
1b350ed64b8040229da7a94fc4745129,0,0,0
53249ef8a94c4c40bd6f09c069e54d16,0,0,0
337ece4c89d24338beeea5e1146ec692,0,0,0
5e3b256b927a45dbac8a5b7ed856ce52,0,0,0
d3825da30acf44a8bbbba5e4d9581a55,0,0,0
5aa7f9310b3a4af69bc93c51dd311067,0,0,0
48ee619d38b142f88914e7e2582bc1d8,0,0,0
8c889fb13bce4bcebdac872570cb5381,0,0,0
7b4b384a97e44c029b747186f9a0340b,0,0,0
52df60558e214b7cbfe634fd9ce9ca1d,0,0,0
e0af0db73596483bb0a4514c9bc3f380,0,0,0
eca07f071d134fd483967d09b39a6c47,0,0,0
c6c26f2af2e44c2c8429dfbd1fc8ee5f,0,0,0
80dbda15f1c542448dd1a68b2c8378e1,0,0,0
b375d293491e4cf88d154d2720bf293b,0,0,0
3ed4b41c29004cdc97e02ab7716d83e5,0,0,0
6f74372f4fbe4741b5388a6583284ad3,0,0,0
e5952f311a8643009693829bf816760f,0,0,0
43add04f12a94a7782f42d80fb0ab124,0,0,0
b20bb1f3ef504e7aa12d65efcdd78f4f,0,0,0
c580332863ee4818a8122b1aa954154f,0,0,0
73f178674ed0409ba292fbc4d057a1ec,0,0,0
0ffbeed5bdd14715a122d61900cc8d92,0,0,0
1780ae25c66b41c991e92309fab9cd52,0,0,0
6c50bf7573324bc7916c9fffe9dfa5e8,0,0,0
e3d94ad3c7f2414fa8e3cd56e43b6a67,0,0,0
7a05a94efc41405aa69a23284769ba42,0,0,0
b2899a9d5cd84d5ba029224264dcdc1f,0,0,0
3a253ec306784e6f85a24d8a52e2bdce,0,0,0
8d95e3db202843db83ef08a7f217deeb,0,0,0
76cfa089963649f38c75dca3bf15fa03,0,0,0
e01d94c9bd9949feaa7f29691cc879e5,0,0,0
4c769d1a658d41eb995deb5b40af57a4,0,0,0
c8e1a4b60bb84c4c88f44133a5d45ca7,0,0,0
609d5fab7b3648dbb335bda2a80f01ab,0,0,0
343c07bcee6a4740a3cd39540e8f4ca2,0,0,0
cfb2c926a80a4fde93b0d58d49af6549,0,0,0
17ed627ae891461796cc9ffdb97623ec,0,0,0
68d32d5b7c78410f9f3331391e178a22,0,0,0
1728e4c634d44365b38d80acfdbe36e7,0,0,0
144ebb4dcaad4058be5d3a7b93ce656e,0,0,0
47ba986fb68e49b2a24ad4b42d61d7a2,0,0,0
cbf79ff817fa42df8376fd8baa98e998,0,0,0
af06ae345f95465b812e88e3fb016bcc,0,0,0
2256c3240d3b491d9b55d33ef3c9e582,0,0,0
0314f51bf5574a0db9aa743b436e640a,0,0,0
1218b5e5b7114b218e80b4b7115582d2,0,0,0
93d247206f914bf2ab5b54ef8059af14,0,0,0
1a50dcffbfd2429097ad8520d74cb1f6,0,0,0
8ea2f949f55448e485c8d221573b8177,0,0,0
71e47a5986a94d34a3279323cdf8d99f,0,0,0
44efce8e47884bfbb2ff35f775bc4eff,0,0,0
b2a154f9d2194890a552a336bad76f90,0,0,0
0b7e74b169a04c9a8c34c4119d4d71fb,0,0,0
11ee14060be048feb168472ef552c144,0,0,0
cee80ced97274e248d4ccaa582e12624,0,0,0
c8e1aeddd1524fe88fd62129d375fdef,0,0,0
1c21814e7e7447d5b650afdff65c287e,0,0,0
e2bbf2292c36441ba9b983173dcb5ad2,0,0,0
d57f3fb1653949b381ff1b725da842b7,0,0,0
a03a04163a064762b0a00530675d2f29,0,0,0
4c9ca8e337154512837b87739b210b83,0,0,0
9a11dae14ce9444287b881b54c6f6b6e,0,0,0
afa674d21344436b84b1f1dbeef4e31c,0,0,0
c36b46ddcadf4896a2aa0abca657f33d,0,0,0
4e6be7c61dea4540bc4bff18fe1e135f,0,0,0
d83f83e5a99249608591aab25b7263c8,0,0,0
cd91d50db5884dc99f5b1ed1d150e772,0,0,0
1bf33cdff9a54d65a9be6889eb912fb5,0,0,0
9b8cab462c704ff0b50dca594c831926,0,0,0
0878d36d5d4249539c9f03809e26386c,0,0,0
69ac38c54d3f4d1fb95f578aa8203a57,0,0,0
c1be7b8f3b1d41108f864af2f6412467,0,0,0
4e537870fc094609a7eda53d1e313fa8,0,0,0
c60179000c32454298dda5594135db71,0,0,0
dd7292be5f7c42838a98aa368e868a40,0,0,0
345e5502179d4cd1963b171912b28bd6,0,0,0
59255f32883c425ea6c8121f1ddd39b8,0,0,0
7c731625581a4a538dec9c997470a829,0,0,0
dd1319e5f88a4dd88ccceee489e790cd,0,0,0
dc9ce6f3581e4697a60eaace16a05696,0,0,0
847ead8946e645808cda599903231f00,0,0,0
ffc7f8c44c2c407bbfd844911dec97ef,0,0,0
7cfc9f3a68aa4c06bdb6087b70a2b007,0,0,0
dbc3c79b1ce74d209239b1572bd249bb,0,0,0
65218a3b8cc942b18957d64c9300b41b,0,0,0
ca5d58571cb74f3a8be0cf9e04ca326f,0,0,0
3f227a714e3c44aba3a19efe7b8b1681,0,0,0
9fd04d03a1d741ce93ea66bd45dd4331,0,0,0
573d612f12434456b6fe3510f797292e,0,0,0
91c4057fb77143b88fe0679159888ade,0,0,0
2a24b20b92304deb88979d871cfad971,0,0,0
429c82fd297749ebb8d09f95ef888b3c,0,0,0
f72cf123d87f412f8020cc3c81efc7f5,0,0,0
75775bc498704d3d93d372464588628d,0,0,0
7018ca302c584d0d85024187f3568460,0,0,0
2293f922acac4115b488a32ba2051543,0,0,0
ea267fdbbce84d83850f3dccea185546,0,0,0
e5b9af0ae07f43f3a69ee72de361ff15,0,0,0
3db65dfb1cb44c418350a44a6057af91,0,0,0
3d27e56920294029ace32bae83901a98,0,0,0
ec1701ebbcd74f84a24eeb865b8caf52,0,0,0
ce6c6753bebe462e804ec5a2fc8b0580,0,0,0
b5d0239ee410435aa172b77984b9faa4,0,0,0
fa8f8dca1b784036b54e4f3ea26bbdbb,0,0,0
e52609aae11f42a79f6cf50360180fd5,0,0,0
c9c093dbaa184e969dcee554e74ef02c,0,0,0
01f032e3a9734c4f8ea08b3236abe03f,0,0,0
d5c414ab69a7430ba5c5f7353a4a0dd1,0,0,0
5ea65887a94d4fab8f045246399f3318,0,0,0
c7b03d762bc14a889e49053b0da2c2ed,0,0,0
094b28191da445e49777647d2c45a007,0,0,0
6bd5f24b732f481b84cd0fdd60f92c2e,0,0,0
1dd8442d443d4161b3be56b24657481a,0,0,0
6cc3125bf7b844d9a839404aed7c7fd8,0,0,0
231506455c3c4b0681bb227c8175bc20,0,0,0
ef530e2d9a85465685b0fedbe669b84a,0,0,0
2a1bc1a10d7b45ad902e09cd71767fd9,0,0,0
9bfd048de17c4bcc828cce8ac4ac324a,0,0,0
7729571fe819484cbc4c528874ec6fad,0,0,0
71fc0684841b48d1933358c2da0fca27,0,0,0
34bd0ee28ee44a27bcdedb52c8dc8565,0,0,0
d5f3bf33250c4d7b82da7c1f63795c0f,0,0,0
70bad6bd23314d8ebf5eeb8bc7a3962b,0,0,0
214fc6cbbd0c4358959a952ca9ec914b,0,0,0
02e18ec4d4f94d2eb4407346c822dee2,0,0,0
f88c28dc80f7411098839a339a376993,0,0,0
aa7cc0aa8e064354997d0433a82dc806,0,0,0
3ed1f9b2f3c341d68c6d42895f56f7f9,0,0,0
13190995b736427e8a91f4d912e0900a,0,0,0
80d5ad2760cb4b5cb65b1b4a176899b3,0,0,0
3a4feb8cf70744e381d25987d13e4420,0,0,0
6c2779d58c6745ea95ff8174f9fd071c,0,0,0
9a171506cfa84aaf8423148db313595b,0,0,0
4f85ccd0b873491483317feda781d699,0,0,0
5e889a20ae0a47ea8932879813decb26,0,0,0
367783fff3a54f3680874a66fa0a634c,0,0,0
231789ea48a248e3a8bb436b7ca51949,0,0,0
b22d5420f0b54692b01da8e91ba2d92f,0,0,0
a3f051a96da24278af8afa82a47f546f,0,0,0
4f232bec0d894e798b504ccb73b0eed8,0,0,0
993e201c128c4114a4e8ff6d74786f86,0,0,0
d7ade8d217fe4d068fc3629dd2510898,0,0,0
baed75277ce04a0a941f165df131a49c,0,0,0
d3cfae9d2d5848e78d6f035f2f79c583,0,0,0
59cbdf96b19c4cc4a576e6658c5f67d6,0,0,0
853fecf7bf5344929a643702447aef12,0,0,0
97435a316d4c4779b19180ae602617aa,0,0,0
853ae4bf9c5347bfb7aa4c8521a04b23,0,0,0
699002ff235f48868a0583e2bbc693d6,0,0,0
f701cece31304e16a3faa7f225bfdaa8,0,0,0
04be9ca17ae1495a8b65b17e49aede20,0,0,0
07ef5f3b56d04dcea961901b49d735aa,0,0,0
877db3b02a2f4493b25fa21a47ef97e5,0,0,0
afab1c36baff467d8acb00970abdff8a,0,0,0
6ae11d964d97412899af6036a6742561,0,0,0
3c7e2984e3ed489599c54bdc86bf3f7d,0,0,0
abb626c70eba410a88ecbf269cca0581,0,0,0
61455f4cd0584d81ba8d882959e664b6,0,0,0
ac21a71bbf0948a1b3795dfab7657be9,0,0,0
2a712d829c174289a44eef24257c69c8,0,0,0
da9673b1b3874559b295a1202229de32,0,0,0
5b5bd1eac4e6462d8c6677b90a4cf9a9,0,0,0
644aa2c695ec44aba0b61eafbc49d22e,0,0,0
5b3d1c9fefb64512b0c9750a00feece4,0,0,0
d7b24d1e4dfd45b389c40f2f743f7eec,0,0,0
3da98661332e4941ae30151a134ae276,0,0,0
830502c684514c8897eb0cca0e19de4c,0,0,0
b2420cbe2295499eaa8008d3c446a28d,0,0,0
97aed0fd1c0748229de1b9232b883fce,0,0,0
8e12fb5f811c44ae94dd430bd39fb72c,0,0,0
48035d7667d44de7affa4fc201a6fb68,0,0,0
5f7c3f904a8e45e6b2df0706d699bf84,0,0,0
0f8f51e7e0ae4fa9876e36f87ded01b0,0,0,0
00bb5fdd2e0d438682f400e515c36d96,0,0,0
209538da94464f9ebc00104a8ef643bd,0,0,0
becc814d891a417fba1d031404a23063,0,0,0
bc57b2c41c444fd6b2da5cfdfaa865a5,0,0,0
58b0a8d7477744af9d5e07eb7baa6c5c,0,0,0
38d1a6a5508747c3b810c9cf893429b2,0,0,0
bef531d4501042f99c218decf5e2b9bf,0,0,0
3c05bdf1f5584d669258d32236311f8b,0,0,0
e8825d07c3f643b3a12216b3a86084f2,0,0,0
881a405088944173a5494c9e5145677c,0,0,0
0a54fc26e394486d9e7c4eac0bf68520,0,0,0
5be7614e520f41a088e5b1646033562c,0,0,0
b11d14914d314df4afe995f881c7a2f7,0,0,0
fc5ed34168254438b9243fd81f285d38,0,0,0
376dfb79fcc8497fb00226835ef62e06,0,0,0
e04f1c62ab314c6baabbcc9d9738396d,0,0,0
e27275c5dff542afb203bb025f0ad291,0,0,0
247e406769914b56a627b039639a03a1,0,0,0
fa6efcbc55a64653b5022bad031c587d,0,0,0
e4ad5aedd0a74f46b15f0ae479e250e6,0,0,0
295adfe3e8494f3bb179307faecd0f11,0,0,0
5f991fe182e146889009192f083050d9,0,0,0
5382789f4f9c4a84bc2ea948e6c85f2e,0,0,0
6059bb4895c44f61b181a695404de5b9,0,0,0
d1cfaea89d6a4f39ab73ed917e31f68e,0,0,0
6e8f833d8a5a448584cf6d2696c8ba06,0,0,0
5df69256114044e2b478a8f703b75acf,0,0,0
422d7308f0d049ff84bd70a0a3422a98,0,0,0
23183ca8af5143d6bbf67e9d05ae7a00,0,0,0
05007a3d6dc2420b960c6dcc2e9b0353,0,0,0
61fa2813e92c46b8a716b697bc05756a,0,0,0
8b1abc1b47784d758b9ec1e079160475,0,0,0
d9a8e97f201141da82201e0707f24b4a,0,0,0
a0870c069b9246af8e1bf14ded60378e,0,0,0
2c768d931ae443d0adf06a4ef051c0d2,0,0,0
f4809ed551014d72b46cdad86c80d504,0,0,0
f22192d277254633a0affd39d4676fb7,0,0,0
a2511a4903e34114a0fc62f896cdb8f0,0,0,0
51623bde5d4a4550b2c34efe044a16dc,0,0,0
cba470cda9c442c2afb25b9a22713108,0,0,0
857653406c4a415d84ccb1f448b02ebf,0,0,0
fbca01b7d4824d9096a088020043b9cb,0,0,0
a3ddf264af9941bfacc22e6ecb3e9143,0,0,0
772987c5182047be8aed36730aa1d6e0,0,0,0
1fd387a5d80e4d58972490d89edee1fd,0,0,0
0f8e559bf8d4427ba275e63aba46e3e5,0,0,0
8c414a8052c844b4bcd5dc3fadde7f8c,0,0,0
ce7d32e5697048839b1324d69af27e01,0,0,0
b6eee5caa4814cbe9caf3ea172d84e6e,0,0,0
752a99e21990412498c7a151cbf6c14b,0,0,0
ec63291e7af34b18a76016850d5fd2ba,0,0,0
4c8e7490a718427e9fed59ec92db9d47,0,0,0
198cab26f4af451394f40654b25764bb,0,0,0
8d4e583714dd484d8e1e9bfb38ef2250,0,0,0
4640aec230ba486eba7720098600b25c,0,0,0
bdc0695537064383b5cc5dbcff2a0b99,0,0,0
a4a413d71f7e4a74bb3952316b6395d0,0,0,0
3ef11eb1f7ab4d07bd1b440fd3ebdf3c,0,0,0
ac44779a21d14c80a2b46625b2a668b6,0,0,0
bc2dc18951fa4648875786ad8e0bfa8f,0,0,0
111b604bddc24b22ab3faae7cfbfbdc8,0,0,0
433e85ac1f964f0fa890b355ba051fc5,0,0,0
b0eba9d078c7449db9c64ce84ddd6635,0,0,0
9c62e22ac161400e969f5962b748c3e8,0,0,0
ce2f5a74556c4be192df3ca7a178cefb,0,0,0
4b983544c13946e3a3a518c565ad1086,0,0,0
19c436824dcf4f4fae134b0dc064a367,0,0,0
ed4f2432f7bb453680779d5beadac7d0,0,0,0
cf56d49958ca4d5fa4304f939c88e36f,0,0,0
37ecab7ecc9542f2a323dc6b8fe0e947,0,0,0
bcec938973a249c5959584f10b523033,0,0,0
235da87c4719411a88cf0f003e62f207,0,0,0
bcf86acf16e641749166baf177226539,0,0,0
c33f95b00a9548cab093b6c1a49b5c35,0,0,0
c04cae746d3740608977c7c126e4d83d,0,0,0
4ff121c05215423186800ba733221f0e,0,0,0
5590aaba691d4704be1f85e3e44c9368,0,0,0
2076b11ca72347d5ae50a313e184b4a5,0,0,0
b3dc03c51f944787bddb06c3ec74f0cc,0,0,0
d3ef1b831458474794fa8ba587f57529,0,0,0
57c701cc1ed74df19cd6c9a754c9baaf,0,0,0
f16013e96f6b452a9dda900bb77ed2c6,0,0,0
86325ef7cdf24139abc65dc17cff262c,0,0,0
e37f89a131f34f25ada83482096f1612,0,0,0
