72e80cc1a9724ace94669b8cb0031c68,0,0,0
ac94b781c2fd49b69f23cc66c076600c,0,0,0
9bbf17e5dffa459ea129bc72c281ee0f,0,0,0
729f9c29e059412dbfe51a9539063f7c,0,0,0
89ed0b27fe074be8802bd74b6257778f,0,0,0
dfee360e011b4e80a7a3f1baf54facf9,0,0,0
088537022c614debba6753c382169b98,0,0,0
ef2446a3723e4ac49deb61fd98bfaef4,0,0,0
9ac9ed9404c34072bbeb729a76413c80,0,0,0
42bb4fe5d1dd4bba8f6444e03974b195,0,0,0
2c83f2046b3245e2bd99c148869e7d4b,0,0,0
84046d1b797d4932ae5819b6db9b414c,0,0,0
a02f768761d14d1db183dfdb4929da55,0,0,0
d99ada2c15744a96a1234583aa30205d,0,0,0
ed08f3c79a1f4f76a26c069f163975c4,0,0,0
94f10c8ced74447f943cd132c3e590a0,0,0,0
726f425bc76649ef9c8f99094cfff3ac,0,0,0
ddf1f62976074c789d16d5947418afe8,0,0,0
620982b905084d3e80f9fb53e88c2bcf,0,0,0
9c7760cd03fd476ca23d0b15fc7cfa16,0,0,0
63ef05e0d28c49c4b8264f736d9c92f9,0,0,0
a4f570759107410fb03ace49b814346b,0,0,0
71dcd48c15404acb97a32508a22cbabc,0,0,0
e286e2874b774a0b9bce43d6390944bf,0,0,0
2a3318be732b4c769621f6e4d2a8e3c2,0,0,0
a1865087fc514f81948a0cb30caf81ce,0,0,0
081c771fb2d5416e8f7a2c97188d5dfd,0,0,0
1756db11b9744c86b6d8fbc4b692f0d7,0,0,0
adb4213e794540f8aa5408c2882d82ea,0,0,0
82b0bbc83ec94528873cbe5b05076f8b,0,0,0
405802b1017149ed8e7f84d34277df7b,0,0,0
f8db465a4bd34410bbd87195eb70a4df,0,0,0
6e826145a28a4855af5fbbeed8348b14,0,0,0
b415f3caa83846c0bc84e54881115b1a,0,0,0
39765fd3a56b4e79af4eaea5a9334ba2,0,0,0
2e8bcf7d5e5b471885a4891ae6f3a94c,0,0,0
7646ec67f9934539846e2a9789d50909,0,0,0
78ccff67adfd4f289548a7ec6751d977,0,0,0
71d8fe0da4db44128c2b8ca24195dbf5,0,0,0
1a037d689b9646fbbd1cb3ee1056c402,0,0,0
283b127133c543039e562ffb158d3446,0,0,0
f024612e20c544e29823e91d6d1c94f6,0,0,0
bdae774326824cee9662c8c61b0ffe2c,0,0,0
4eb7ce12528041d3a3bf0c1c57846411,0,0,0
06490abbcd904090990a02b03dacf388,0,0,0
e20df3d9cd3a4b059ed7acf2238a29b3,0,0,0
33328652d3d6422f9832012109c1230e,0,0,0
55aad8c5992940d28eed9dedc193ded5,0,0,0
23c97969a7ea4eb79c0823d4aa69381d,0,0,0
ceca033f27d1467cba11263630d16ec0,0,0,0
ece231cb606d4e7793fbd8ef5801ee10,0,0,0
acd952da58f1443a9c87307b34ba85dd,0,0,0
b9fb68149ce74b7dac6108dfa6720113,0,0,0
bb805f15bc12466db0d89526903d670e,0,0,0
7d973a8d093f485783c70ffb29e09fb5,0,0,0
d214e451bca9470a941a260ab287d904,0,0,0
9460e627f87d4708ae024f254e92eb59,0,0,0
420a8ab49a154414afa0159b1946b176,0,0,0
61c3bc11b25a4d3ca4c3e53405032a3d,0,0,0
364092c646984725b9c5c7b6bfc9c8f0,0,0,0
5ff969d8cb0b4216abf4edc4d77aac9d,0,0,0
c7ebf3c9ba31429fa5236782b1d8dcfd,0,0,0
a98f5fab990b48348baa67ed661947fd,0,0,0
7dd7fe34c89e4b03befbb2600c88347f,0,0,0
1299a49908634e598ff5ab4c9074915e,0,0,0
7822ce797fa5417ea53748097aeea992,0,0,0
bcc9397aada9445cb9141f9b8711e861,0,0,0
8529f96cd22445758158a65496a96ae2,0,0,0
48420e90ddd04bec8ca6c42ce43fcf7d,0,0,0
a1e6ac6215144c25ae6f192518569e43,0,0,0
d1ee30a8f33e4cd1bb74112cc280dcb8,0,0,0
f6b5c5032227489db09df8222a6b4488,0,0,0
b32ff614dfe04f08955b5c476de64d6c,0,0,0
29ceaefdcced4ab9b02dcb0682c157c6,0,0,0
7fbbfd4b079b4e3887ba7b0dc5edf983,0,0,0
85885b0e4c244d23a3e45774d0327f52,0,0,0
b06e2d68906646c2a2e6aa8c96710604,0,0,0
d043cf12476c4e8088eae6cef0c2f8e6,0,0,0
