94ac3cea52ec455993f8562f78da3be1,0,0,0
4518d285d4c54195a70ba5c4697ba3f2,0,0,0
87998608d4844fcfaca266bd5aba6516,0,0,0
a7ec19c57ae74c4496f4aa9c7f30c871,0,0,0
778f6d9386d846b4b6bb60c5ff52c2c4,0,0,0
840cd9be95274178b83c956386943c99,0,0,0
0c40bcfcf14c4768aa87a8fdf2f8ae45,0,0,0
303f1f4a618745779995295ce4375762,0,0,0
ef4ff56c8def4a58b347c58cb498554b,0,0,0
d86710102df44f0083553f7e356e18ea,0,0,0
ae6753634fdb45d4aba7bd2973273c17,0,0,0
88a3a2ec4bae471087ac403331020c72,0,0,0
4ad533e309ca4c61856c953afb7876b6,0,0,0
43b70941e6e24925b9097684ddf31c84,0,0,0
cf2a6c0c56ed4b63b9be162272e3235f,0,0,0
a2d715cae8434b6fb1f98d393964d633,0,0,0
f30b071074d646d3aa06d1409faa7d5f,0,0,0
e0b2917ecb6d4e31846957451348f80a,0,0,0
191a72d3b89e49e0a7d12bcc79afd08e,0,0,0
1c598b0601734b5da0ae03b359079dca,0,0,0
5dd7a3de3253441aaae37190170b930a,0,0,0
ec4ed8858a1046e58d03a7f2c2058716,0,0,0
42079cf198e848c9878fbb39d0f4b56b,0,0,0
031cc54b957148d3b419d1e4c0f917c7,0,0,0
5ef768195c0f4973b27ce733461a1752,0,0,0
a94340448355473395cd4b67d82e2be7,0,0,0
91cec4a784d044bbb955f534eda758ff,0,0,0
95e1626bac56461ea0526327c3719a34,0,0,0
f31f9af9f3134580b5faae0de45aba28,0,0,0
0fc9937d10d249b8b34264cd53cbba5a,0,0,0
fbf93de6547a4ee7921c53ba348f9acf,0,0,0
4284c0da3ce149fc877ccae32aee16e6,0,0,0
6a6d353dd9834ad0a22041b227c7e275,0,0,0
6dd909f1a0e74851b2e3a0a1baba65dd,0,0,0
003f1672542542f6a4ca2903da9ac9ae,0,0,0
cfcc491fc7f541cd81c2e6c47bae5c91,0,0,0
d38a4c31821c48ac9082d896e628c128,0,0,0
ea42c4694c05490eb7ae29590321e1a3,0,0,0
262ffaa0bb8a409ebf26df9e9f2f5146,0,0,0
5fe381d0097f4d0e8124dfbbee82e54f,0,0,0
4903a8de1d0945b6bd815f11aa2850e9,0,0,0
1f8182156ccd41f39c552ac05ab24877,0,0,0
397cae1de3b74644804196b838fd3c8a,0,0,0
6ca062298bfb4c289ab07b514be7a339,0,0,0
3d6c224493aa4b8fa5fd16e7ae8e2d66,0,0,0
1a3ed2a67f5f4a0c933c480f182829a9,0,0,0
5b951c3db95148eb8fb7963165f14e8f,0,0,0
9209d2ffc38e477fb84c9ee9eda2fc7e,0,0,0
931511eaff814f3e815315a58a07a00e,0,0,0
10fc40630355439f8ef619f700073a84,0,0,0
5a5bb6f6a2ae49ddbb9260d0602230b5,0,0,0
7cbf8c7b17d542dbb76bb9951fffddfe,0,0,0
62204f2373344f5ba3b61768afe7ebf0,0,0,0
3054e23f49704ff294fd83d920b15fda,0,0,0
ed2d5dadd1994487a5815fb8126bf80f,0,0,0
3f0be3965cde46ad87538ca4f3e1d271,0,0,0
4460e0586719490095d7ac389f302500,0,0,0
b809f8b358634337aef6494a807e10fe,0,0,0
312fcacbfe134c9f8e1420be8dc2d73f,0,0,0
0788a0ae586c453e829efe39322919fa,0,0,0
a693951992f44f3b8e06c02e16382da3,0,0,0
60296c63d7814cd09749634f671708ad,0,0,0
ffacc18a27644508a6e4223823a0e2a4,0,0,0
5fe3c9985e5a4edeb8ba4f7a4c64dbf9,0,0,0
985ca122092f4429850c195ded765891,0,0,0
f43e13bcd4b144a2979522c9b2cf837b,0,0,0
fa9d2cdccb57422380697e7783d7248f,0,0,0
5fa450a5199b41b5b46628e473f20374,0,0,0
cc77026a127545878da0b8c406076480,0,0,0
ddd527993ada4e1c8d0c62fdfb33f8db,0,0,0
47e9ed95d9c740248ad1c6fa1352528e,0,0,0
56608873c2f245b18569532dca581f06,0,0,0
d70a4ce871ad4d738eb7f3f44bd30a1e,0,0,0
beb7c8d8ece54bb6816434316cc2bd8b,0,0,0
82ee7783a95b4beeb1b8c518107c9ae2,0,0,0
44f54890c8bf4cb8aa0046f782333e12,0,0,0
92c3195e612e4fc49fe5b5c687dd5ce5,0,0,0
3769d27ee6f8462e815e9ebdc33af7e8,0,0,0
6f5b02596fb44b84baa6060e5ac1a7e5,0,0,0
c6e8090bda95489fb0dc1c5b569461e7,0,0,0
2b4b62ead49b4f14a013f85816012a12,0,0,0
189dec4e48fa459bac9d81fd3a7f4c75,0,0,0
2d21aec2e48b4797ad0367e96fd316f4,0,0,0
c1a600332bb245b19d8174c0790d6fd6,0,0,0
af9ff2224e1d4b7babae5c082ebba917,0,0,0
ce5df3235866447d95c4667d72528984,0,0,0
d8eb4eab2d3442e1a3a7a74fc810be22,0,0,0
cd4286bc48c240f294fce7e9306a83a0,0,0,0
5b4f88b00af3413eb8a3706a62a761e1,0,0,0
2af2b0defe79482baab06801cd97d145,0,0,0
add134cc07e64d9d8524d0d9f96c4180,0,0,0
be33b5863e3741deaecd29febfc5eafa,0,0,0
5daf3f2129314524a490400d1091d053,0,0,0
b1265fece0604be79853a0ce270d7c45,0,0,0
01d25fc368954800bc6eaf8c58145c14,0,0,0
43b671b4b56b48b99d3e058409efa424,0,0,0
f458d42cbdb94ffabc06c580207d7a3d,0,0,0
a922c831c63344fe8e3e021e6e877c1f,0,0,0
4b7c3faa94b34318bc00523ec9b9c6a3,0,0,0
2ddde51f8fad48988b4fb2c667db35ae,0,0,0
69a31cef77324a89bd8e595fdb84792d,0,0,0
404bc8c757994d0c859e36ea741d2e7e,0,0,0
8f62323c14fd40e1b93c8ccf5701a518,0,0,0
1df9b813b2744cedb516e9bf02f1c805,0,0,0
4cc28f0811834f66a8b759b463fa7f9c,0,0,0
59163d8ecd3a41038c79bad8d0b51d7e,0,0,0
4860b613b15544a0837db453e1270ca2,0,0,0
5b375ace54e04ff1898e4afb53e09395,0,0,0
9d733afabb2a4032a0ac602536bb649e,0,0,0
f3f7c08ceaa64682a96a827a607d94d3,0,0,0
b2d31a869b644c738697a237d4e724b5,0,0,0
89906283ef034ac095252101f2854b87,0,0,0
f9831ef9dc294685a54ed336cbfef813,0,0,0
6adb624995514635831f42da9156fec2,0,0,0
e8aa13c470d94855a3e01e461bd93c1d,0,0,0
73cae217994f43b787d1c5ca2f120fb8,0,0,0
6274ee399dac4c5fb61f8198069b490e,0,0,0
acafa24b747d432bb80c1d045b7177ed,0,0,0
5126def859d74b3684fc0c4375ac49d6,0,0,0
93d8bda24efa4269856f731192146f87,0,0,0
dac4509f882848258838272f16d18302,0,0,0
d3fe9b9d86ca47ee9745a01d04dc8723,0,0,0
dba56f7544374a77ae2123640b99debe,0,0,0
3d247a18d8cc4c82a7bb2896895042f0,0,0,0
91735b09a0a14b168c3a12913e9d4127,0,0,0
873d6e793d554c05bd6c62dd48ad045b,0,0,0
4a47eadc434047b8838668980cbb303a,0,0,0
20073dab0be246c095ca24d90522b1f4,0,0,0
5fe2bfd9fc5f428aa50bea21cdea0124,0,0,0
aa9d7578267c430982ddf0072ab2ad71,0,0,0
a62a0607fae3496d9018dc74a561be64,0,0,0
1c8c2e9847f44e33a5bb2115058a55fc,0,0,0
5b49c14344d243b1a4844b19dfdeb37e,0,0,0
99e8e537635a4523824294946d99093b,0,0,0
6a54ccfac0bc4ffb9fc980f0f5c0f377,0,0,0
b01bbec805a345ee8e1ab9df2af011fe,0,0,0
b0f6f80b42c34013bc421fc2c0d9a180,0,0,0
4d863bce9cd741fa8dfd7f8aad11de47,0,0,0
709e5322dcc9466b92d2da48ad93b2b2,0,0,0
3611ca6eb11f4a32a7cd3c073862860d,0,0,0
a0c487e0a45d451b8680c0cb1930fe83,0,0,0
50e0db1cdcee40949b8402761bebf8cf,0,0,0
852b5475114441b387c8dca0e8cea3cc,0,0,0
464db122735c4f57a6c65dbe429b1510,0,0,0
a339aba7f1734e4abfd2694289d53904,0,0,0
aabeeacedf4443808d8479c55116ed18,0,0,0
8139a0f57cf042879b8c6a08a680d225,0,0,0
9c4a59f437744d9c9b91e936def4b540,0,0,0
c897ee33e7bd4d36a122867a2800c9b4,0,0,0
36e6935d948843a8a292782b2919291b,0,0,0
d5f3da3f2bdc4b028c1fe1a2362c7588,0,0,0
1d6a100cf3d34326936ef7d0a50840d9,0,0,0
a5f4055ab7134ffcbbe8b33150552301,0,0,0
e02ddc9314b94d8d880a521155fee44d,0,0,0
f8aed080cca34f1cae4c902c6824975e,0,0,0
98fd22dab4974af1bc2d351d7532dcaa,0,0,0
a92ada1b9db2420ca7e1b55d372f8ffa,0,0,0
a78621aa1fa24b99bc2752ee584416c8,0,0,0
7826ea601a3f4883815a3025f5d76477,0,0,0
4d4cb9fda3164b6f8b74e99489d40b4b,0,0,0
cf6f6d3e71214e7e9242b8a2406b0a6f,0,0,0
c22786321d024820b6800a975ae81d12,0,0,0
2fc43c5dbfd64de19b6b720a6e67babb,0,0,0
21dd8e71dae64f378401cb0eba702b7d,0,0,0
9e843154119444daa94914691bcfd869,0,0,0
5248918af65645a28a65f59d3424598a,0,0,0
5e4c532bab8844699a423518eec22d72,0,0,0
ca8f4ab52e7d402a9d796b1f24c0ea64,0,0,0
51d76627bfb6408c96792ae892dde21f,0,0,0
46084535ba3042d7b8bc94ecc117c3c1,0,0,0
feec2c137d66401687464e65fa1d2ce1,0,0,0
bec236792d90495f8d6dfc93bb5447c3,0,0,0
833f62f189f2482ba373b6195b879d02,0,0,0
6991b64d63e44b288e6f6bf4691a8158,0,0,0
aadc2f85a2a742d7ba9a388dd6f4c9cf,0,0,0
69d83243a72046d2bf1f772be52d649a,0,0,0
9c36a2928f3d436181736d628dd0a694,0,0,0
35202b9ad8d64ce3ad53193ee0ca1f73,0,0,0
753778e43ea948c0835369d9bbf6fc89,0,0,0
b64591d08e6743fd912264ab5512b1c4,0,0,0
53b8db730467448c9c92506f0443bd96,0,0,0
bf887dbe935e40c5a2f04ab91b987106,0,0,0
c9d97062652b41a3bd1b7a8f06b3b465,0,0,0
00c50c04e48e4cfabcb913f70701ab17,0,0,0
5eedd74c2a86462dafb8031559666b15,0,0,0
77547000cee245539277debd25748aa9,0,0,0
