8d0021dd4d9b4f68acb0956cc82c49ed,0,0,0
ea3f8f1af29b48dc8e76dcb7668e3f3e,0,0,0
fa8d729fd7ee4cd7ad490f8f54095a1c,0,0,0
a761a572ef99478fbf596f2c6c4599f3,0,0,0
111d9b1b00e34dec8b8fab0157e0aaa1,0,0,0
684166b8a8044db09d60fb41bd823d5b,0,0,0
548e8a23bb564a4f96fec98fd436d315,0,0,0
6159e2a13c91450fb23b09ce8eff85f9,0,0,0
4d0264b891e446ae9006b5e407d85179,0,0,0
678b0be9c1bf4273bcc02267a3eaa07d,0,0,0
a6f36ab3dcc2474bbc1a403d44a3fef6,0,0,0
6a7fe197f1554a28893290900e6e0f3c,0,0,0
f14bfdf54f524272826962276b158689,0,0,0
3a466d0232624ffe8e7cef6e417a09b5,0,0,0
fb424da0579e41789dabe65119f82cf5,0,0,0
d3060602dee14c8fbfa91514b7a508c3,0,0,0
9eea9941c5a84c398b385d536fb474aa,0,0,0
89f1fd4ff49347de90ef043b8a1309a4,0,0,0
d75e05b439da412d9615fa190f75bc3c,0,0,0
07755927672949d9805e613060b12da2,0,0,0
affd403975a04befb62195d2aed06f93,0,0,0
4e1f80bab73e472e8f833bfd75f55d7f,0,0,0
a5d1154057174afab229aabdab13cd27,0,0,0
bc15b59d39c74e1092e8f896f485974e,0,0,0
5d516768ac474749af81b694b893b9f7,0,0,0
1462ac39d812427da57f94d3c46a2149,0,0,0
d5d55e9c922d4a959f173e71af05a198,0,0,0
cedd8a88c5624bf4a8a8323352541c69,0,0,0
193b90f8ef4b456081904519e07fe98f,0,0,0
63be8a0f6fa348289b29d6a6d1b19aab,0,0,0
5689ae96eb8f49168fca4c50528f6c90,0,0,0
169f93cfff1846ba854e7b181701099b,0,0,0
63ba96cfaf194d3385cab08574064139,0,0,0
a223e6212d0c4b43a8c84d1e3d9c1b1a,0,0,0
0070d6b8546c4fce82dd467a180dd30e,0,0,0
4a7e0cb00993472e9ae62b986a4b4b55,0,0,0
1b60bb4732994ce0ae5de041a4278e79,0,0,0
37b51fe59acf40309733bc0d65a5f640,0,0,0
9008242054bc44058bea9ea8564ce407,0,0,0
86505f3c38e84f2fbd18097bf5aa043f,0,0,0
ea385c52656c4ec385c2236d57ce5f05,0,0,0
a065d99d11a84247a796f012e6b63bac,0,0,0
546d9775caef49f3a9d1d33a82114051,0,0,0
3ed7ce0893dd444a829af0b9d7def070,0,0,0
d7af42707d724900a0a52c96a1514d53,0,0,0
633d5bc0e98844d58e15cd54aeb2215f,0,0,0
0bb0dc02f0154adf96fce7fa5a44ba00,0,0,0
eee9538e514f4e34947a6aaa4c5b063c,0,0,0
cc3902e7d9b04494a69f384edce8617c,0,0,0
9ce6d0bf021f4064a08c7c7bf6a4775b,0,0,0
1db8afb9fb0d4cab921deefbd96c2bc2,0,0,0
11089f92a044490ab8e3ecc2dc77eae5,0,0,0
697d91e3e1d749eea7ed505665de0aa2,0,0,0
282b31dbc77f419b880cbd2f9682a0ae,0,0,0
d0c6442e674244698f68b4c69641ee7c,0,0,0
aa52fa2c7a644ed089d73d909fc4bb9e,0,0,0
a54579dc06bd43f29f2b0a8adeb7f42e,0,0,0
95b1b2cd32ca4d639e273b2387d283e4,0,0,0
cd1682c0b41845eeaf6668f8eab2e191,0,0,0
020e3876cb274c1e8f44ca91598e6b56,0,0,0
eeac358958f945e8bd5173e33f6c81b9,0,0,0
17d299b9720543e1ba0a1aa1d50a0c65,0,0,0
5090960d172c4f6eb5b63e739cfe8fc0,0,0,0
8192e5bea3554668be057df123f24bf3,0,0,0
2638d9b6871a4ea1a92cf029898b25e9,0,0,0
c3ad822583814f76aaa7c3f17d04363d,0,0,0
4f918fb6edf247bcb7af86790e3260a0,0,0,0
8ec538d0dcae45fcb93a2b0dc46aae14,0,0,0
4d8e722833aa4f4793f82dc8bd1c2a74,0,0,0
69d6a8ceb40242698b64deafcc41c60b,0,0,0
0466c6f47b2a4e9bb2a665cfd9bb6fc5,0,0,0
a913fda977e74880ad942742f3011e12,0,0,0
382d39852e2a4c13a9545c6b69c5c9f8,0,0,0
7862d66eb6fe480a8a2790b7b03bbe11,0,0,0
7522ee6fa26a43168dc074bd3888df28,0,0,0
7b462c3b3772421d95a82c75774c9331,0,0,0
d438a0acaa9a4b8daf7cdc2919fb78c7,0,0,0
07bc1f3f0b784d85861b3213bed14344,0,0,0
a9b342ad80f0428c84fd3a135a32c575,0,0,0
239ee1ecb0bc48079a76356c7eac7e3b,0,0,0
b9b746fca8c14dc69d0e580213c6247c,0,0,0
2a5c59263dc8458bb09879a4d41033fe,0,0,0
e1b452079ec54f63b3cfa0d3827e6e16,0,0,0
7b527e81d5864768bfdd779d050fb31a,0,0,0
7390d2081b174a39bab7048dbab41e2c,0,0,0
0307f06607704397a90c564e5c798a5a,0,0,0
b9b3a7ea04eb4a3d963219d24ffc772e,0,0,0
5e6c088b84644a6c8d1e60054c1435bc,0,0,0
179c962a0afc4030966f865350736980,0,0,0
badcbcaaad5a46edbbf39ffdce456bf5,0,0,0
387468f468084bb791ec624acc88dada,0,0,0
9c963429dc8d4ef3bb6662b913950d25,0,0,0
b7a975f86ba443d2976b3fce82bc1126,0,0,0
9233dda582d3416280a3897b4231ae8b,0,0,0
a830196166e344299578c9d68d3665d2,0,0,0
42776216037c401c946f80d773570500,0,0,0
3f885dedcb76422492df1258c1e794ef,0,0,0
c4a47ef3b60745e0af21ded7f61a6c94,0,0,0
