445035dd08bb49b9838fa7ccb67d3635,0,0,0
4ea81a82216e4321b35ad4ac98f91cb3,0,0,0
23b6df4fc549460daab1c23d3674f845,0,0,0
cee43747e62e4df58398d371386e6012,0,0,0
b4039b0250b54f39bec528bfd85ebcc0,0,0,0
de87e9646a654e1e8f4e96593a3adbc3,0,0,0
aaaacb5ba3d54336ab642045633dd829,0,0,0
4c36ad33c7b247b8892f703cd6327ab6,0,0,0
ba6b4ad45b384ebeacf354c5d725f3b1,0,0,0
c7406f3ad7a54d2a9f576d13ce54c7de,0,0,0
1d92d04ac48e4d5baea0529c7773a4ec,0,0,0
5fb9a0b5b9794fb290f15e050d81d5bb,0,0,0
8530fb73f12a42db9a38dd082d263f19,0,0,0
e5aaafbfaaed466fa93ee3773282cfdc,0,0,0
d37a591311f6441d91550e219a58df24,0,0,0
94d2f088c33d46d5b8c7c2cf11d3a009,0,0,0
02e1f92a68be43a3b2f1e3d2882c3da2,0,0,0
e712e90c48dc4baf9261c51ffc15660b,0,0,0
cbd3e6decb8147e3a79d6fb9af4585a3,0,0,0
c7ed1140e587433d8149e39cd09f88a2,0,0,0
1883286dc68046a88c51e1d3e0ac803e,0,0,0
3d69c33d27904da6a126c430cb3eab81,0,0,0
bcf3463301624f4dba2b47c485dc9d25,0,0,0
0b157593aa4649189dc60e5f9249db90,0,0,0
fdf32301e35049ffa791629b4fe34d5e,0,0,0
3b537f9b1c374dc49065a7a1b81d84ab,0,0,0
5eaf782cc1e34b038bfa2d2fd383ab0a,0,0,0
e7df2d3dece845759f68e4df05759c12,0,0,0
1658cf239ba84bd298464bd7df7ab50c,0,0,0
db4e5d9da16446ceb931d97aef767f28,0,0,0
5599aea13f234660827b11cf081cfc5d,0,0,0
90fffdb662594d3188152af162293538,0,0,0
d245f15a60654c9f92558ba8f5bcb07f,0,0,0
72e57ec5278b42a8bbf283eba57b2bc2,0,0,0
e58d119418644e51acd0c163a430d648,0,0,0
2b12f2ce332c461cb6d7d4f25b64990e,0,0,0
67a696124eb54cb9bb570f28df5fb8ab,0,0,0
10b397282f864df3968aa92727d990f7,0,0,0
a6c98c3bdcfa4f398c15ec4eb6532f09,0,0,0
55c2d773a3034d8284c17ee5ec9f5c94,0,0,0
eb6b13622d6a4efcab3e53cabf5e2f01,0,0,0
8ee91b2d909f470596856e0d6ca3ffbe,0,0,0
5b9e0c94fb754153a3de0f4c4f702724,0,0,0
a599e4a5e64a4b8aae49c496b524a052,0,0,0
efd08e9fd6e84cfcb3aee4af348a0aa8,0,0,0
79569bffc7674614a31ad21a0d3f922f,0,0,0
e9957c2f763747aa99b13bc6c504012f,0,0,0
abd07590a9b4447faed42e2224873ad5,0,0,0
2d0348954fbd4f5c83fd04234e0220c0,0,0,0
96b2d4806ff04e0db5a62b331f7aa96f,0,0,0
8cad92a787594649a7887ce3c3c22d5b,0,0,0
fe2f471325014d7ea1f0b04effbe6d41,0,0,0
0d5ad0a5f68e43c6a273d70cbd09dd4f,0,0,0
2ab7cc6ff29e4f8298446de2fb2a3f01,0,0,0
8a99b96eb60144d490d0da54d8c3e00f,0,0,0
10754692950244ec91f59a14eb94ec5f,0,0,0
5c51cb6896db49b39e37d8574502946d,0,0,0
c698b26b237344e3b2cbdbaa6ee70ae1,0,0,0
5edc5a5dae1c427f95ac930e3bf68700,0,0,0
aaa0537ff1f4428092ae5c195200d5ca,0,0,0
be93855b60e84170abc94b40f91cc2f1,0,0,0
bf0a1914849644f1a7941fe508f5fee9,0,0,0
74b06bb5be1945f99ceacd2687aaa74f,0,0,0
0e5bfc88122a49f4a416710f5df63826,0,0,0
71636b4be21e49fa8038aaf2b977d760,0,0,0
06707456aa1e41ccb840fed4137cb468,0,0,0
4a153b13a3f6424784cb8e5dabbb3a2c,0,0,0
7549e6eb2d5c4bc8957afd427743042a,0,0,0
3d8778534ef748949c8a2fa753de30a1,0,0,0
b3495296a3cd428f9bafcca85050c313,0,0,0
975c5e19ef5044dab4de3980447432f1,0,0,0
a5400602a972454a98fa8c478ea86433,0,0,0
5e68c6a14e904603a20995d4a2f7d7ba,0,0,0
6f0a4e9374f24721a85f9853e9381aaf,0,0,0
4df444b14a4b418e8acde14ee052d60f,0,0,0
a4ccec70ea184a98b472ef838398ff73,0,0,0
5339f8c4b858414089d900d058e8615f,0,0,0
a9488b47c48c48289bc45f45bb57ca05,0,0,0
cd517f75d8474d4cb8601e9169bbb713,0,0,0
55fb9841019e4ca3ad98f4ff85ea4cab,0,0,0
ef9ccbfd5c2e4f37bdf392be4c4e064d,0,0,0
ddb96e7e4fff4343a5b2629c56992630,0,0,0
ea4298ce6f094758ab87d303f2c1a3f3,0,0,0
4b05fd2202d94a15a1fc8ac641178b7b,0,0,0
d922a7a5956c4a42af51637f14c165d6,0,0,0
a4755f88913d48a885da112031e73536,0,0,0
e651ab44d0d849a285bd40eca8b405e7,0,0,0
e8dd0203b5174ab38e737e853063a0d7,0,0,0
d48882afbce342c0a449050e190e65fe,0,0,0
8a635ca266c041c484817498ec7aaabd,0,0,0
336a502a339541dfb5932e19b0546819,0,0,0
2bf2e4eb6fbd490b95540647ecb4f708,0,0,0
ad506c95650a444eb205c2f9ebbd26fc,0,0,0
7341f76ef2ce4d2f8d80f7b0155fc317,0,0,0
48480b0985bb4337b23e3b3c8bf2bb91,0,0,0
d0b27407bb1e4e2d91592959e52bd102,0,0,0
3c9f696ecbb241cd9fece54ce1b07369,0,0,0
47efbab436ba4f6e84c5c1b6dc18ecab,0,0,0
f80615548af14224b3d0c65bd5919a3c,0,0,0
5a57fb3d78084b48a7c31e681b7bdf0e,0,0,0
2043564288ac41a48c1e6caad1e7a48c,0,0,0
b0a97a5d1cab4ccc98e3930107c9d8bf,0,0,0
e2141db9eb994d8a96ee98faab26bbd4,0,0,0
222abe0ba4e34b4791c539e94696e6e2,0,0,0
a66b30f181774c02926ec17922f8e0c8,0,0,0
07eec017bd8e4bf68011d958735a997a,0,0,0
9f6209947e3d45fe81ea6e3293c3efdc,0,0,0
a4e9fd45c60c4fda89cda4c256bb5a81,0,0,0
e5e1301c040f4617b2e9512bc4fb1c78,0,0,0
2a4899c77c1f42a4b951280cdfaecfbc,0,0,0
343c4f94c6aa47a4b635a78e8c9e2ef7,0,0,0
28c66f311baf4ffa9cf71e45bf1ca165,0,0,0
8923021abb864d32bc0323178b26ee8f,0,0,0
e5d9e78360d4473f81fc7f0c87765eb1,0,0,0
9091a3253ef940e9b826c7cb4dcc7109,0,0,0
e598eddea13b454f8ab63bcceb0e4f62,0,0,0
2eb9eba208cf4575a96b1d57e02acd16,0,0,0
4287e40095c54b58bfa14e1fa6dc53ad,0,0,0
