d98cf36d36d44bffb25511e7ec344bb9,0,0,0
4cb3a50a7cf348a1994ad21c4ccedf79,0,0,0
bea6985bb84645e9abf8dc36153fe286,0,0,0
56ee84900cee4b848a42eba4221ed8ed,0,0,0
f9ab5b9810d246aa90b670d1a3ef6a93,0,0,0
bb1d74fcbb2b49c3a18a71f84694479d,0,0,0
57152e3693da4c0e8c4bd1a766320b1e,0,0,0
e595354f277845b9b9d422b3c3439315,0,0,0
33e72cab5e04434ca773ced8237076f9,0,0,0
c4009fd49d4e4fe6992c9daea37648cc,0,0,0
926ba65e5edf4b5d9fe7543426f8f134,0,0,0
7de5848b44e34757a1bdb7a2e59047d9,0,0,0
7cbdd8acce304667a8f45bbeec00b300,0,0,0
b7807543e4ac405c8767c6a60e28a423,0,0,0
1c6dea00ff994fa5b39bd6890b393b0b,0,0,0
b004f2eb6aa84dccbf67823a1682db30,0,0,0
6aff3782eafd4d94a8d2976972162054,0,0,0
a2ccb1c2f6424638b8555735bc6d55de,0,0,0
f532e7ca294f4310bf4405e5470dd3c9,0,0,0
88e1a0fff7424077927a180a2d09b784,0,0,0
236ae77be82443ce9d234c7a919fd26a,0,0,0
e61ca7a7df9b4a33ba27971182ca4424,0,0,0
4587d62bdd994f41a6ad8af90338fb34,0,0,0
5b0bf187f9474d74884be52760c59938,0,0,0
df045272aeba414dbefac729c49d92f5,0,0,0
419c64b60d4a4b4f98436d6b02d961bf,0,0,0
9f11781204c24fcd80cebcd0eb178b50,0,0,0
33971d1763d74d3e9dc90bcb8079635b,0,0,0
7f5c90b17dff4cfd88a446d9fdf67d09,0,0,0
406c1565bb3a4521bfc5d6023ee4905d,0,0,0
250b481517924635ac3acff23467a503,0,0,0
cc820343651942d3978120f22d1d1a12,0,0,0
3f4521089c0f4c1b9be1ebb2970f0261,0,0,0
8168e18068dd47f4b49f26423cf5715d,0,0,0
0226a22e35fb4630898a9fadbed1dfaf,0,0,0
40e5b63fab0a4534a4fec9ac2c756ac3,0,0,0
0e2be030ebf94ae7ab5aef75ec1e95ea,0,0,0
0811ca50ee1944cb9ede465ad7bf3edb,0,0,0
7f6468fb344246fcb7510edee2c2f9a0,0,0,0
c1fe6a24d5f840be97538e6c742b2c1b,0,0,0
2dc1d71340464ac1a3422e8213a1773a,0,0,0
0b8bb7972402485fbd6090897bd712a5,0,0,0
be867aead2ae4eedbfd9a271953358cc,0,0,0
9c9bf223b86f48c1a10d755f9efa31da,0,0,0
4a3ce33936f441feb7351b67d6799294,0,0,0
3ae5a2fccfc54319ab18ae9217ef7604,0,0,0
443a1c738c194304bf7da51ffb50ff37,0,0,0
6a2201394552475fbc493c8d0076a7ea,0,0,0
4d09c82d6ffc4e7a8508d02dc42953e2,0,0,0
d380f2ad09a24ced8301982126e4dcde,0,0,0
306d489bebae4cf2876f0dc2b65f0b66,0,0,0
b82abc6808ea4e048b7f4c6190fe1ada,0,0,0
316a904da46a442d9cab35aab84a4bdb,0,0,0
04488eb54f984a8e8a6e0975c7599a5b,0,0,0
84e7537aa70547c29b56679ada0fcbf4,0,0,0
56ce01d1bde84ba385ee814e0ee7ca65,0,0,0
e73450e701554423b67580b8a48cf667,0,0,0
cf2dd8a8578c487990720af51b8aaaa4,0,0,0
f6d3fc473d1c4ee683d17cc72a7c7f8d,0,0,0
15f0cf51fc344aa691b54939fc528204,0,0,0
fb2d7c152b79467c89ee56397f4c48ed,0,0,0
8f124bb8ee5442829c0356e112802f34,0,0,0
52d67df660da469ea1fff1fc8d2385b0,0,0,0
6cc1711b749e48668a18697645e8b2cc,0,0,0
e6a272d3122546478e9f72dceba60509,0,0,0
3e3c920169f74249a55c08e978438ef4,0,0,0
4358a1acc93f49649afca88c347e709c,0,0,0
0863c16d109b4d4ba1c4c72019622b25,0,0,0
92f3ced56752444f9ec96bfffc21aff4,0,0,0
f1370134152e4dab95011f72594c621f,0,0,0
6ca18cd0f36a447b8e6ee00130125f4a,0,0,0
9238482a88ef47f0aed3342a3941adc9,0,0,0
0167dd7b10ef452690c67dd6b7630be7,0,0,0
07e2d607fa734cdabce9727cea6571b4,0,0,0
08aa8143cfb34f1491fa6da8f14d7f20,0,0,0
886b50f6809b47559213a10b4d99d444,0,0,0
b144e498c6e640f285d779604eb00a82,0,0,0
621f203aaca24ed8ad8ec072788b9fd6,0,0,0
69e8611912de456bbaa62af234a6a78a,0,0,0
774ceb0f976843e08405a11832fd174b,0,0,0
3a96cca120764a75b5ef0ad8b7a7c3bb,0,0,0
c2c24ae2b8e7487786443fb2e9a6eb46,0,0,0
f8b1897d037143b381d9b22b9a8a7dae,0,0,0
a8f292e1e096464a91685b41de1343fb,0,0,0
3cc3b18ea606452eb33e97d0444a5e94,0,0,0
caedc91884a24826876a62656dd7e9cb,0,0,0
1153c2b230e046bba7b14c03b457ee95,0,0,0
87013aae990346bc8372cce68e5d976d,0,0,0
b18550f5d62247ce8ca6fcf00284c5c6,0,0,0
147c2ad8378640a7b3adc19a7675b1b5,0,0,0
c7ae04cfe0954f818d2086f2b8172aae,0,0,0
fad2d2fedfe641e29c22837dda20191a,0,0,0
8fe612b3a6bd4f9b8ccf8f0d4fd61ac6,0,0,0
0bcb069302614a608a33f9733101e2c6,0,0,0
5c84ecb3ad50462a8926b524f574ba0b,0,0,0
94f1b95e39fd470ca3420b3b56e5bedc,0,0,0
44c4ab299a2c48e39baf0b65a16da68a,0,0,0
cc689e12f6a44cdd860007c6a9be4212,0,0,0
40c03eaf8c3d402682085597cbd82b57,0,0,0
64a5e195ecc047b68c00e329063b9908,0,0,0
c29f3a2f23ed41e984968e66237e097b,0,0,0
3a477772c5c34825ab8abf389d92a9ba,0,0,0
f8e9f9efd22f4f1b9b264ce4d273d842,0,0,0
e2b5ee8e7d394814b2270733b1f3dcaa,0,0,0
8860b6ea352942b4a19691b15e970f3a,0,0,0
142515ea2d804df985202ae1053e3ac3,0,0,0
339c7633e4d54435bdb01819d4c18b4f,0,0,0
6eb51fd54072493da018273b6d6c91b1,0,0,0
f45a8a43423e45788bde4e50d4ec1e2e,0,0,0
ae89510e0b8b49aaad6f374235ca470c,0,0,0
949afc82e408439aba7e0fcde190c10b,0,0,0
142124e9a2c84be59a8facb7db858a53,0,0,0
194b238849384b4092f0d907b180bc7d,0,0,0
993cca5e44d248c3ba176bc7e1db5142,0,0,0
a636f328b35f455ba960579af83443f1,0,0,0
b3ac71df8e3940268e39b586e87d5578,0,0,0
ea42e897f170434884b87b6288a53fa4,0,0,0
a2192226b10d440196b139a159c48938,0,0,0
ddfb15c6567c44aead411a25bd235f6e,0,0,0
9f17e42109974855a06f18283ece20c1,0,0,0
d559688cd41441beabc6f8e4773b02bb,0,0,0
41fde3716937449b8cbcbf66d5c5bb37,0,0,0
c5b2186439a84f4a9f53db9bc8538c17,0,0,0
52efee5fb5a9455a9b93a308f4855708,0,0,0
6805d276f6914dd2a7ee0756e690cc3f,0,0,0
38dc6e0337f340309f3a4e91a57b8a21,0,0,0
d6535cd4038848f0aa054f5b76860a01,0,0,0
446f13edbccd467098166f25a05b1015,0,0,0
2d193c8383ce4e43b9d992ced2281126,0,0,0
369cdbb252204fa7858062a75141c89d,0,0,0
c44eab0671aa43a598ffa87bfaa3fcf9,0,0,0
c08a4e3e6e944ab99d1d25dc618e0985,0,0,0
a6d1005d55d54562a0006600171712f0,0,0,0
b394a0c640f14c99a745cb77e8e31e04,0,0,0
49adf3209e9143a7a81d57881f1c6bc7,0,0,0
aa00ad7d76224954a1ff6c79a6bdf05b,0,0,0
e73e22c5278245908fafa5834034fa9e,0,0,0
9746ac5881ae49aea142a57d4e2e6e0c,0,0,0
0de9060f5584430ea865527fac03c79b,0,0,0
91afeefe4d234ce4a92a926019854b35,0,0,0
4be048cae2224636959a32c0ddc0f128,0,0,0
ec03f09c6eee40519f7295da5ceb43f8,0,0,0
9635a44e9caa4795b316f4145c2169ee,0,0,0
0cb9ae1098164f4195634909b557ff35,0,0,0
929c86bb00564d1d9ca47fb8e8d3630e,0,0,0
a7c78c10745848138e4a419c50c87107,0,0,0
4a9b22b01aac4ddfba44df6b607af9f2,0,0,0
1fa91ced6d6340c69a1ef65c093c28f8,0,0,0
bb885239755848dc988c3acb312c7001,0,0,0
06575a85495d4c55acbd1d5194b2b9a5,0,0,0
a2854e98daea49c1b391c5e62ed76fe8,0,0,0
cdd3afac2652408c808d4d1002bf8365,0,0,0
bd9f5c9dcaa140838eb2aa7acf128cb4,0,0,0
66bb66f93efb4c03b7cc6611c34176be,0,0,0
e74329e79ac848b389c0c69e23dfd30c,0,0,0
14f79385b5794944a0979d22ff5c7967,0,0,0
4147b64df73a4c5ab53845bdeb344bd5,0,0,0
c21be56b882f4e008bb803214458145e,0,0,0
abb8e71e8eb54244a91e23c279cc1519,0,0,0
17fbe90cc5044a159a2e7127e45fddeb,0,0,0
da0cb8b3b0034b6ca2fa7a2ee065c2b0,0,0,0
580c0587a69a4155ae5b4f3764ebb8c3,0,0,0
6e1260f04ad74ac199f11cba0ce16ffc,0,0,0
1529d728659d491092871795d29d554a,0,0,0
873a67b525154dc8974cce67d1f0b58c,0,0,0
423821b84bd641e5a1ce6cbd932fa34f,0,0,0
9a946121507c479d9ca9f11adc80ebba,0,0,0
0fa91ad32f9c4f719a60c1aeb7dac276,0,0,0
3805828efba9450aadf5ba8978b9c610,0,0,0
