673dc1cbc22240da981a9cba0eea3f74,0,0,0
60d6630b742a4218a07bfa33bd6090da,0,0,0
6cb880e5fd7c49f2a2496db1684b4c59,0,0,0
3cdccfc437a14153939cf51089407b43,0,0,0
e4aa820229c5437096e4f41abf33c452,0,0,0
da59b98bb29247e69790fcaf32e13bb4,0,0,0
0dddf48262c1438a8c681689365c961a,0,0,0
d4d123f647ad482c9df6d07474c29895,0,0,0
91aabf29b8ec4aecabb6875841240704,0,0,0
e194c64fe2634caaa64ee6945a1e066e,0,0,0
5032cdb6cde3468281fb2d136408b138,0,0,0
695637592c45427c96e587418963bd18,0,0,0
b2a808be7a684e2d9e36517c5036d6be,0,0,0
de7eb10f2d0f4a2f90adf94e7028610d,0,0,0
d30cfd0e67de459bb27053a7682c0104,0,0,0
8974632d51a746198ff72a375baa8679,0,0,0
afc5c8b20b49498988b049125cd315e1,0,0,0
425aebcbd9d44badb2b6a326ef11798d,0,0,0
9afa729489b94b34ad757d95346e6092,0,0,0
171ccee7e72448cf880313b7a0151466,0,0,0
fb8bf50e8f484f2eac69ba55a7f6ab75,0,0,0
8a934837258740e686974eb02265db7f,0,0,0
31b09a4f985246159cdb7331418bd4fa,0,0,0
1d337fde52e84923871db95009731c41,0,0,0
471a6f3beedb4cc7a71edc7fc1c5275b,0,0,0
fdfdc7cadd8a4ecb9718c124526b14f8,0,0,0
002f8c811c704f0e80f1ed0ddc682a03,0,0,0
5b0d8b21eb2c4b98a576235617e3ce43,0,0,0
d777fc67b8164cb4a2fb05b81edb8015,0,0,0
3d8d241f46264dfe92a0d26acb706c73,0,0,0
2f62e79def1e40848a97e9f9db534a51,0,0,0
c33560bf70db4b9691424fbd03ebcea7,0,0,0
3321d3b4158a4b8093b724c1dd8e38d5,0,0,0
6dae03ab0917470b8e53a19dc55de73c,0,0,0
b3f39244773f4f03b278df12e61359cf,0,0,0
006565f477f74761a3016763ba679a27,0,0,0
f39ee7a3e4c04c6c8fd7b3f494d6504a,0,0,0
57badf7fa7514fbaa937b5934cb3c0d4,0,0,0
6e951a0318b54df1ab206465f67b377f,0,0,0
af5f5d83ed5242b792fb3e089e8ebb49,0,0,0
652f7a14dd5a4b4381a0316030bd0dde,0,0,0
d30ea508d12b4abdad3075f88e421c0b,0,0,0
a9e4f27f3050421d9ae20925087e4afa,0,0,0
92596327f9434ec3a471a36084273142,0,0,0
44c1bb13d8df4ee0aec67f1ac63521d4,0,0,0
5fc37100820942c3b68f95c07e66a8ba,0,0,0
3a7370ae9e56430eb8278fa41adb255b,0,0,0
414195b76186408b81db63defa6b8d83,0,0,0
4aab0b4dda514c84bce5491132392d73,0,0,0
8fb3957c552247aaa3ae81b0de0595d7,0,0,0
15f814b8259b4758896588dc194530de,0,0,0
2fd969a3140b4fbe91d8c3b1766e0a19,0,0,0
2fd76c93017a41f899c836b12234fcc9,0,0,0
e5fd092e879f4239b008044e30a271d9,0,0,0
b882d05cc8d842879c647824f537a17c,0,0,0
e9003c50993947ab886bd2a6d7b30989,0,0,0
eca26a24b5ee44c09041d899c401af43,0,0,0
4e8f81b2dbca4da49b5b663106442bcf,0,0,0
a2dc8ca957a948dea9910499d171d300,0,0,0
4e8783c34d27454e95c4bedd4f62154f,0,0,0
a24affdd623444d598e6b96b096152fe,0,0,0
b64ae5ea12f34dba9fdd038b1fb58d66,0,0,0
f1ab3d425c4747ffbea8b281f12f2ea0,0,0,0
538a9f28b6a64ee39e14f791e7ce22f4,0,0,0
96de8fc454ee419bad4fcb17c49cca7a,0,0,0
5cfa9b0d0e5c454d9c642be13e0231e3,0,0,0
eaecd83b156140b39bfafc3f110a7cf5,0,0,0
2be6e0ba13644a8a8b472c7a9278e237,0,0,0
45b6b523d1e64d0394cbb84a0256ccdd,0,0,0
721264f08a834a16b6bc1ae739d3eaa2,0,0,0
ee46eae70240461b86ab8a6148026a0a,0,0,0
eacbcfe4c59a4ef8ad97ff4197949668,0,0,0
cc96c884cf7c4218a00005a03143b889,0,0,0
ed1c8837347c45fabd0c967128fbcfa0,0,0,0
0fff7e21865540b88317a8fff1e20c4e,0,0,0
31ef98acc7f44716abedd5a0e0747b71,0,0,0
efec562badc34133ade0961c7d2e918e,0,0,0
e841279ffc134a21b4b106cbda20862a,0,0,0
e0a40b9a4a604331a8e477830697f9df,0,0,0
7e94b116c45043369954c6691acaeacd,0,0,0
cc0df704278a4f009b2239afd9a2ec9d,0,0,0
0942757fbce9474590d047d55e04868d,0,0,0
2d9d33f7b8034242b5f81027bc192ccd,0,0,0
8c066e6c78134aa7b99dedc2434bcee0,0,0,0
c60b5077e11840faa23e474570ae0a72,0,0,0
042694a998724785988a46b00005fc97,0,0,0
b013091d53424524a96954295e602acb,0,0,0
1df220bfc1e644b2a68c64ca4593f8e5,0,0,0
8e0f17d81fbc4859beb25117e6880973,0,0,0
2389e105b2584b3997a819cfe0b99d30,0,0,0
8bc71dc82b1e4488a2cfc4398cb6905e,0,0,0
295fcf0170824342bc4dbbc2c461b716,0,0,0
268db3f9c8ad48b5a41eee50313c8217,0,0,0
66af0cf054134e1c80aae8894b89f802,0,0,0
e5adc5c026db41378897c0b8393c2361,0,0,0
3fbf56b5afae4726b1e380781123c207,0,0,0
c59643c520d34f49af9dea40bd3dbcf3,0,0,0
bd0dc0e95b14471fb68bac5af53231be,0,0,0
9db7b046b8b043aba0c1b6afb477d3a4,0,0,0
e1794683d4ae4a9993e7c540c03216ca,0,0,0
44d36fc4a6db4b9fa476e4c487b62008,0,0,0
94a1b7b629e74ddb9b0ecd4ae15edb67,0,0,0
ae6280cff6f44269864839c457123a17,0,0,0
1c05252827924827966e644e379b500a,0,0,0
747f76b8196d4de28339e240992a0ee1,0,0,0
041abeb88f4d4a9cb085e359686aa9ed,0,0,0
609e62588e9149dba0ba478a64dac522,0,0,0
232e797493674e19a8016e626665b8b0,0,0,0
da3ab1ba02824248bab4f6b3299b209d,0,0,0
9ad676b28d144df69b36f28a4ece32bd,0,0,0
adf01aa457784307ad5714bb19b2f750,0,0,0
3afed0aa923a44f2a4831436b2adf711,0,0,0
4d7fc7084ff4439a94484b218369887a,0,0,0
2354fb23523b451a997b5f5f5243ef54,0,0,0
525368625e67458f892bfbc3a32618c1,0,0,0
e8b0f0c7fa3f4f79b6a7f16144c545fc,0,0,0
5e848984e49545d79109debcf5e39a31,0,0,0
e049cbd79d51410e91b09ab7fd2074ec,0,0,0
02e0ac86ffc647e48a677f327431e4b7,0,0,0
408abc6abcd249ad92654606ba41fb80,0,0,0
fe22a594bf53470db07ea9f8b96f5685,0,0,0
d5ab0f4f79b3438fa678127fe32ae41d,0,0,0
bff5229aad06472f95d480577eb26d1d,0,0,0
fc4189783106499da4e9dd0a20636c4e,0,0,0
caf7c76c38a94f02943720cde114cc4f,0,0,0
afde05a9bd214e63808a5546594b59d1,0,0,0
6d248793056c4499acdad8d928269045,0,0,0
75ff3e14cc414e0e80e81f036520aedf,0,0,0
aa4555c7a8b54cd5a6934af560815e2f,0,0,0
aa33c75e6b8f4b41bcf15c917135d7c7,0,0,0
b18de9bed3c34c549e00ae9f3fc1a2c1,0,0,0
4b587c327d8040feaa14adfeaaf6e84d,0,0,0
8c11c4cbf7ff4348a6f65a36c4b2ad81,0,0,0
3060872e2eea4052825cc19b97892378,0,0,0
4fc2216ed5634e6db8c772d35bae6fa7,0,0,0
213c8f59bcab42cc8b30acd90bb045ed,0,0,0
5ebd65ff4d62480fb792f63a8e2e8196,0,0,0
63c4fe6e0083435dbff69901e04404ce,0,0,0
ace0d877964b43eaa2dbfbe45f781af9,0,0,0
2c339e46d4b643bcaa41d6ab2b90f158,0,0,0
bf8b3d85c77747498d939ed8512ba2e7,0,0,0
5c30d78ed516415eae0574e0b08ec4da,0,0,0
f61c2574329f4586b3bae88643df8b8a,0,0,0
6cbd20a1ec68467f9acc5031bef6d36a,0,0,0
f1073371a7f44247a97f8c811c231676,0,0,0
