9bbf903d50da4ffd9e5d1fb7c9f4d69b,0,0,0
60ce99b0264148c09db7ef836ad77e3f,0,0,0
d053428c481b44dfbc96564b7efd1f61,0,0,0
180b0d7146704223a12bcef6699d0121,0,0,0
0662f8da68b94d83a47af1e38f28f4e5,0,0,0
f8a73e17d842414a8fea443765cdc1be,0,0,0
e3b44e490fdb4632a07618be3c52f7a8,0,0,0
bbcc19afdad742eba89290ad2b5dbf6b,0,0,0
aaa9cd95e66c4564b2065763e8dfe013,0,0,0
b6c62c6714d44a7080c83ec374607bcb,0,0,0
717d780575424720920e3fea97d98842,0,0,0
f8f0b59f069a4a0db35d8406603db64e,0,0,0
f3accce1c4e44e1d9e94cff071f22eeb,0,0,0
ccb593339b944f0a84caa0a19133b3e5,0,0,0
1e7c16e6cb054c9fbbeb15160bc11f73,0,0,0
3fe5daf13a5546069766f1c4bfd50fcc,0,0,0
2f211467f33544ff97c624d91f37e5fd,0,0,0
2d4a32746fa2462b8e6ee8fe2b56c653,0,0,0
af5f1942b4374015823bd32e31b31c64,0,0,0
47f3befaf16a43449e3456cd8b9be9a4,0,0,0
227eb533f566468a93013a9a43d3ea6a,0,0,0
b4ac79acffd24a838cc44bb094d0a5cb,0,0,0
54e499c336a0490d8cf1684049f36040,0,0,0
f0db0d83f9d646b997d099d7eae80dd1,0,0,0
652313c43e064574a464d97f67c52007,0,0,0
155fac2d50764bf09feb6c8f33e8fb76,0,0,0
db2c0754e41d4af0959e1361acc7b6db,0,0,0
fd4752f551d04e22be492adea0d9fb04,0,0,0
0eb1323894e041efa23d2f3e60efbe44,0,0,0
1410b021e1c14f529188eb026fbb369a,0,0,0
7f2b92531a51488daa9fa851f8c19a52,0,0,0
c9da6aab1a6c4447975c5099ce158f75,0,0,0
dd9fb6ab085d4d558d5d023bb2dc90ff,0,0,0
3429ecc6a320475fada43d43848b9aae,0,0,0
6f6a10929810436f894094cbcd00e9e2,0,0,0
77f4285b6cb34eb1a1ea6f16bce3eefb,0,0,0
3d21c0cbc98b4c3da6585fabef9c68c3,0,0,0
725d4645400a47ef9b9beaa6e8f56f2b,0,0,0
5c39473b25b74307858764d1a2045b9e,0,0,0
3400e984cd9642008cdb2cbbff0989a9,0,0,0
50df19b5012e4451870d16320747ff9b,0,0,0
d4c7bbd42a9f482c9940cb0074dd5cb0,0,0,0
db3ded2f74b245b0ba58293b24f66cbd,0,0,0
7d9664bc035641d995b523a19650d178,0,0,0
b564162b2c7d4033bfe6ef3dfb959c9e,0,0,0
b6eb520b6acd4b74b1beef800bc35c3d,0,0,0
92fb09a83f8949619b9dc5bda2855456,0,0,0
dd83fb40a2e14ac99de9fe9bcfaf44df,0,0,0
8aaa453a204c4b91b61bff24567196a5,0,0,0
2efa083bb8244ab2b8a16d135144e491,0,0,0
fe045dba6a244fefbc9950293c087287,0,0,0
7c039232353c4d84b5e5800189758af0,0,0,0
235b1daec98a4d73bb3c357768e8455a,0,0,0
afad225acfbe48f39cf2894c61d9e714,0,0,0
9e4c92fd7eb74504baecf55a3264716e,0,0,0
0b7767a8959a48719e014e9ab7d3597b,0,0,0
2cbca953eeaf437799479c9111c1ee8a,0,0,0
9a503b8a42274ecc9c1fde72a893b75f,0,0,0
d8cae4c7073346e392d3996254bf741c,0,0,0
a775c7668ca9419daaf506e76851821e,0,0,0
e77741c3f37041a9b37ca81ce14dcb20,0,0,0
47bac3dbc0914c429f447f98ee5c504d,0,0,0
543bd11ef03b4d3e87b0d9572db01ee2,0,0,0
27b26e3f29384e60944fc6151074b172,0,0,0
b37b1397ce5441199438878cfb1d9a64,0,0,0
bfc3e00afca648f4b0b6945f4f7cffe0,0,0,0
6376b741b50a4418b3dc3fde791c3c09,0,0,0
93292ae9057244519e582c2c53abfb3e,0,0,0
204fc459fd244be1b08fe56aa9caea9d,0,0,0
cf5dbac616f94d65845bb25be5078cb8,0,0,0
98f6724fca51444a9797160a6d9b52e5,0,0,0
f3e7de357f254d15bb79bc62ef0c803e,0,0,0
606f9842b8af48daa28f10df8b69d861,0,0,0
e1081fac8ed843dd8afe30f5fe1ddbca,0,0,0
0e9fdd85e24a4a35b3dc1e8cb76ebb09,0,0,0
8b7e19a595cb492b8f0f03fbaaabc9da,0,0,0
4291cbfde1024467b1548934653f07ce,0,0,0
99b1210b63c94f9184a9f06032a2ea4a,0,0,0
16c937ffd817478e8ea187ffbd13eba3,0,0,0
152b7ad4b471410a8557ce5fc2c9147a,0,0,0
450b5325b5bf48f0a8076bb973b42fdf,0,0,0
dfe1f8e8b58d4da49f0c73516e7a4b67,0,0,0
3ef76f35c6ae4ee6a69122e2413900e5,0,0,0
fdab6422162e49db822a37178ab70481,0,0,0
cd200cef3d824df19eadb99c5224e733,0,0,0
93318cd6a48a4eb59eb59d2481095044,0,0,0
d7f5f168d31547ce866159165b644da5,0,0,0
1679b5de39e548d38ba240f2fd99cae9,0,0,0
1838a8fb8e9f48cebcd079d5373cba02,0,0,0
c5261853647b41cf82e6af496ba95dcf,0,0,0
9ee37c1bce0a41e8bd50821540e80713,0,0,0
c50fc96abd854fd2a6766d52dfb4f355,0,0,0
554ecce763be4bd49e89c1bfb89676f3,0,0,0
46aef22029c84fc491a34cd12b8c9d0e,0,0,0
c298917e0a0c4567a0895d6243540479,0,0,0
8bb3222421334f02a07273f14a9b2d32,0,0,0
39d7ad2d721e47aa9fe29090663265e8,0,0,0
1d5c1b5e0a164fd8860723b2069f9b6a,0,0,0
112edb40f34e470da3a5b04599e71211,0,0,0
8180c5785c2b43b9933c6493c1e16520,0,0,0
f6a03fba4dfd415a8b65cce84ee21c19,0,0,0
a74645732b05400c86ffcb6871614e93,0,0,0
bc561d6547f44d568a59ddae163df0d8,0,0,0
9b72664399a34e4f9dbe470571c73187,0,0,0
e29484c59af4429981a6a5d5afe4d5a0,0,0,0
b6dea13e3e414d718e5977ae827651ca,0,0,0
