0b124e1ec3bf4e6fb2ec42f179cc9ff0,0,0,0
997ec56720304a069672a8a0fe2b80e6,0,0,0
6207c0c642ec4cdf95a41a9cc0b7fb38,0,0,0
321dba26c17b464f9623c86917babfeb,0,0,0
89eaa0c1aaf4471f9d081d6cc358cc44,0,0,0
b6bb4e844c5b43ad92904f258660bcaf,0,0,0
d0468b580cd146778bae5e486bf3e50e,0,0,0
a39b7d7481364573bb7da6ee462aab6d,0,0,0
ecda3dd2f5a44ac3a7b365de9e13c09b,0,0,0
215ab480f5084ac992c0d0e6b3e82268,0,0,0
baff9dfe176543a88ec8f09a99202054,0,0,0
e40ff9839f0b4a35a25e9dc16d391ae4,0,0,0
c9f12e6266fe48d8bc02c201ab6d6330,0,0,0
0b25134b02314f938540fda1da19c2f4,0,0,0
ecdb8d01949647b38464f99e427f53ea,0,0,0
5b8db88286b44218bb317abdfab54f8f,0,0,0
f03d055128104fd486151e54c9e4a32a,0,0,0
2aa724f66e014fb1be4139ac9fb470fe,0,0,0
2bfcd30b00504ca4926090df690d1e3d,0,0,0
28ada927582d4d6ea7cf44cabf31527a,0,0,0
029cf65713c547dfab71506002ace32c,0,0,0
371cee38ca134863854ecbf44b8954af,0,0,0
f59aa4dda2024d88ac3f9b22331b475b,0,0,0
2dfcc64b0482418e939acd1717e8c470,0,0,0
716ec89e30cd45ee89a2e4e0f60db758,0,0,0
445ae0203f294b5c9889505576e37998,0,0,0
a59d092e0c50479089a85c2b36dd6d20,0,0,0
b6f452209a62499795e5bd137214a7f9,0,0,0
273d144230a740888de22539802509ad,0,0,0
3cafb1bfb9084df995fff71810d7693f,0,0,0
0595477618f44940b004970372df16dc,0,0,0
5d2f4dddae3f4c06b69ae136bd76cafd,0,0,0
c0e590504b61489fba3e0c2a12664a26,0,0,0
29a5eef6980d4798bcc58e4c96e198cc,0,0,0
b1e740fa45384144b55ef6675440756b,0,0,0
007e2d010d8d467988f6fc4d3e7ec410,0,0,0
ff89aafda3a74faf8f06232b63d6948c,0,0,0
52a18b3e125e4a6daf3bd17e39c972af,0,0,0
2739968bfacb412cb7997d6d59f461c2,0,0,0
cd608227f6c94b91af3db8bf6cd28abd,0,0,0
efaff409ffad4b05ba2777dbadd554f6,0,0,0
a12310b042224339a8902def257953cd,0,0,0
e8d6293e5017487b996d9cf522078bbf,0,0,0
2bb4931911e4412cb51f6437a82c5b6c,0,0,0
ace68ede9cfe44d3842cfe5d937cfa36,0,0,0
e9ae19c83e6243dd81b7213ba5f8c329,0,0,0
84cc1504051f4b1c9492dfab5dce84f9,0,0,0
4aa888362ced40ff8254064bdd3b51f8,0,0,0
309ce5b44bfd45bca3a4a1d9ed335740,0,0,0
579debed8ab54dc58f96e3387f697ee2,0,0,0
2427c92b6f5845c2b08f3c1e880e203f,0,0,0
32a001fd02e24ca88268228786d22bef,0,0,0
2fa0da1a66e04428b315cb93b72143d5,0,0,0
2dad5eddc1bd4907904a10824257f994,0,0,0
5445d1e47e204f598d836d7940013231,0,0,0
af7642fe32224dc1b9233470a659bea6,0,0,0
e24dec06f43b4a36abe526aafe9e3709,0,0,0
87b4508bfdbf497299bd26eb4b23282a,0,0,0
987fd31155514f6facb131bd5c14881d,0,0,0
7140795e44f5499d892c6f131e2ad951,0,0,0
39913785f9e54c17bacbd7ebd321ca08,0,0,0
0e8aea225d0942f494fd2255f49eb314,0,0,0
fc8b960dcf5243eab12f5b4e4b2c0160,0,0,0
edbf8da87b92428ebb8973ade6ae3005,0,0,0
8e69adec60824d878a035576775d7e39,0,0,0
0e0c08b705704f80b5f31c2bd3a40583,0,0,0
2b16acff0dc042a1a75816a1fbd0a302,0,0,0
0990cc040127481d97727123df0c9e56,0,0,0
29a55ded3f094585a9bf7c8d2bf312be,0,0,0
9716d6efd8004e66b1ca7faf7ad86438,0,0,0
b774bdb8cf8d46fab86a5d19032ac011,0,0,0
c7f4af49f3ce490a977e282f2a479266,0,0,0
62bed01b816d45f8b42229e495b1faa1,0,0,0
59076fa091d1423e893a1122e42e93d2,0,0,0
a830b673f439458aa54a716194d972b7,0,0,0
a60fbec046b04e5bb256d4a665219f35,0,0,0
7756e5de14f540a8aecf1d67ead9fc3d,0,0,0
a7c831fa80564fd9bf75d2147e123cbe,0,0,0
c369774dbf94451388cbd59a7d9341ea,0,0,0
e8c8664d017d451ea44f26336e8c46ad,0,0,0
3c90780cab6b4495a89cbf1dac752255,0,0,0
822f41da295a413697551f41567fe39b,0,0,0
6ffa1c339d6144feaf5a9c8fb4eb00e0,0,0,0
e739cfd915d642b4bd23743e15d1480b,0,0,0
