16e15299d13e4f02b791693e0b1f911b,0,0,0
a5c99c7a785647e3a5ebbaf28228673d,0,0,0
d455164f72654de28f2c4829fb053722,0,0,0
074ac1d681e3415081b89cf582e1e995,0,0,0
2f6a03a4018b477d94f49856ea705b3e,0,0,0
0f6a2b014f82459c9a4f8cc4878887f6,0,0,0
be0d3ccc07ae4acf88e328abc272e92f,0,0,0
2cddef1c57c04f8c8863e15b371d7250,0,0,0
4c21fcbde3814c3c840a2a2f754aac3e,0,0,0
0fab90a5475f4e9fb09f4d56a83a878b,0,0,0
1d8917d25abb4a77a0da9583dc82c17c,0,0,0
12ca61171ddc43b494349413d97a3e00,0,0,0
dda6efcba51c40de8552408953719515,0,0,0
e9899e516c784fe3b8e78354ba4d49c4,0,0,0
878890012ea84fb48152032e2c3b261f,0,0,0
4884da3227464ab5b82f631ff22205bd,0,0,0
1d1b27d1b8db40f99e2fa3af6e237ce9,0,0,0
1ab9927e1ff946939e92c6c53273d5d9,0,0,0
05e7fcde7a00435ebba65933c1758dde,0,0,0
12757e972ea64bbfbeb14f7cf5ccaf8b,0,0,0
64799249896d44a0a9c47bd7e6fc004d,0,0,0
4648155e5f9a4bbb9d9eb726af07b79e,0,0,0
ebf624692bd6472ca94a297ffa1f4c05,0,0,0
e82af99c70ad4f50ab49a5af5d98f783,0,0,0
8680af4757b347ca952431962131b9b6,0,0,0
1644b01b3b3343b0856dc2d2ae8cad81,0,0,0
c3585da8424f4a399044ac5aec9b77f0,0,0,0
84bb9916d8e24948a574164777d911ab,0,0,0
2fc99dd1391a40899314121d50cbd935,0,0,0
33b9d621c91846948b125b2298918aa1,0,0,0
55b45b0f19c2460bbcd1fb1c86c6610d,0,0,0
818104cf87d045a18b4bf134ef76ec41,0,0,0
e6693f97b36545f7a76e03c3fe32ba8c,0,0,0
61ecc2290cca40069c8bc5eda5da1127,0,0,0
7d8e047f6d42423ab91e43a3e25ad03b,0,0,0
a621d158da584e92bb00c07a5e1eab46,0,0,0
026ce91a981c4de3bb9fd2daeb99ec2b,0,0,0
b41b10699d614f24851b56a9a0e743c6,0,0,0
18f3d43d8f924b5189ad28c2678686cf,0,0,0
0cc5910bb5044099880822f763d7c483,0,0,0
6e491bc8576345bda3cdde9ab216b7be,0,0,0
5b34120ed9c24e47a673426ea7ea7a07,0,0,0
4ebce9f66c5a458d9f063f70a319243f,0,0,0
3da7defc2f4a4c6f9bc8c11e6d9e7db6,0,0,0
de45edd244ae43f3b5a75559ac7d3bff,0,0,0
8f24318712a24f1a9be2ac1b69fa41fb,0,0,0
74511032252040f78d440f32114d5268,0,0,0
99bcf51aef0947b6898bb8114219d730,0,0,0
085469330e804d71aacde67145bbb195,0,0,0
8ecfa79d71b44c04b5c5fd05d2c9160d,0,0,0
11759c61e73f432a824bfb702ebdbc7f,0,0,0
4d89235aba404775b31897b1b6a53538,0,0,0
f741f370a16a403a8c758ff77be85a9c,0,0,0
40ea4145b9e946aab5d56de3ce179c8e,0,0,0
9087f0358178420a8b9ac7b17a8919c7,0,0,0
c272a556be334b518fec5cf204f0b8d9,0,0,0
77962388887942148ee65c2892600e02,0,0,0
1dc83be6e8c442888792c2400180874d,0,0,0
ccff837ff64c4db999e2ed953187eab7,0,0,0
31bdb4123c4b45c795c1aa1be73faaa8,0,0,0
eae0ac9f6c5b4764a91c789f14a8c2eb,0,0,0
52ed6a0219e84a0bb6db8037ae700366,0,0,0
6776a213a00b42b296782b4f569c46b9,0,0,0
a0b6208f55674d32846dc8b3511985fc,0,0,0
3949e4e00d354f79afea742a2b0599d2,0,0,0
f8734fb98c334efb85f11600c2cb1ad4,0,0,0
72cf693eb66c4a8a8062080763f50a09,0,0,0
b834c8b4508240249d176b09c9e09705,0,0,0
a8a259dcf7084f5bb2bdea1fd24a65c8,0,0,0
07fb6ea1434a451aa8dc27539ede0991,0,0,0
0bef60c301e646c7a2acadfa12e7cdff,0,0,0
8e093e32e55c4a5dbf453b5e2bf2b24c,0,0,0
a4188bbbe166473bb2ecf35bdcbec1f9,0,0,0
bd99d6d460c24072af33e6c746198ade,0,0,0
dc4a9f470b834de1983c7e605ff06b2e,0,0,0
8047ee4ce8bc45a7adf57ae8a2037336,0,0,0
ea42bf32a1984ae399c9f96d9b62b635,0,0,0
e2961e84407344aabb620f2c670cc3bb,0,0,0
858fda2a2a464f4e881e29f8af509938,0,0,0
2195c5a9b9fd451b927b0050f23fac31,0,0,0
48a93a3b61354385b30974c248c11ef2,0,0,0
5cb14e6a01ab467690e22fba897d336c,0,0,0
ab23bdb7befd4c2a93d0947daa3c578a,0,0,0
250cf3a330ba4dc3a0bb0fe1e6e1206d,0,0,0
9dd87f5f6376499e9fa04a8214280246,0,0,0
a2af171d53a24831a04d3410736c3caf,0,0,0
3a035012369c4eb58295238d946fbc66,0,0,0
649ef3674e0f4e7c9eac67f94d237573,0,0,0
4af5e796d4d348bc9129c41d5b0556cd,0,0,0
edbcf09189074bcc91fa530b9b504b5e,0,0,0
ec04ef10a0664e94878aa2d0f1720c2f,0,0,0
8aacfa2236c543d2b51b5512b6916b39,0,0,0
5b70ac749c5f4705880b56adf260ad05,0,0,0
e9e71deb425e4e7b8a00b82e723fc2a1,0,0,0
b6fa15c48a6a4044a34a405d3990a022,0,0,0
0caf634967404e889bf227539d7eaa0f,0,0,0
1aff3784945741cb892fe1f389a90383,0,0,0
3848b1ba65fa49308c3d0a79f63782b3,0,0,0
404212af32d64bbc8de511dc0f73790b,0,0,0
872459df29ef4f158108fbfcb3225090,0,0,0
5a3ae4d630544ca5ad9946fa1900cfed,0,0,0
765293b6cd0a4bf4a50595038eb2b623,0,0,0
4181b5d70a644ae9b75d1e66eade8519,0,0,0
0bc39539e0434ceaab91e2b2647a51e3,0,0,0
178bf29147d74a31810f3524ef4a1de6,0,0,0
22e9ccc4b1004bfa8f1ec275ca0e9ee9,0,0,0
bf12682f3a7c4bf2a59a848debae9eac,0,0,0
0f35f97fed664257a9abdae8de6ed8a4,0,0,0
3504ff17bcae4d6c85bdc61fc3a5bf0c,0,0,0
9d8a625f48194382a0bfb748b1126069,0,0,0
4a00299e74184af494606871546835dc,0,0,0
03c1aca95e254bf4b0db303a28d79aee,0,0,0
5b147d7f689a410baca131f29c8a9515,0,0,0
2c8abf3efb1540a39e9c06ab924d1dcd,0,0,0
d1fe5e049d714fcea31607f370d9e743,0,0,0
79e24d7d661f490fa6b10cdbf7f2ef4f,0,0,0
69df5bc684ce4c67ad1c7ecbef1ad80c,0,0,0
7a57d2299f5f4f7a9769f200d21ed9ed,0,0,0
f14140828a1d4639b42fcb2a34f41f53,0,0,0
36f4749077674307bce31998171e96ef,0,0,0
e4413aba14594e0a884caa9a5948fe20,0,0,0
d5138c0f63414e1fb5147c9436968940,0,0,0
9941156a2a954273ac7a9983b3663b25,0,0,0
6888c169680241f19a903ee49dac3655,0,0,0
6be836c674994140b08071a3f43835aa,0,0,0
cae8fb3d40314ecea16654062030571b,0,0,0
964c4d82ac6c428bb3dc3325ad8c7ec9,0,0,0
02bbd23673904a6980dc0e22b11c6a35,0,0,0
c65d1a7265944d38a7b3d7c94f358c11,0,0,0
1707f9f05f5a450584591c23d7bd105a,0,0,0
65dddb96b0b74d918f0ca166a1eb0cf9,0,0,0
714498dc81c149c28e5266806d629294,0,0,0
463a07b940b64973b5f43587180c689a,0,0,0
ff657354c4ac46f68cb4e5fb7f92011e,0,0,0
5c363f3933e84bb5aceb3899f997b6fb,0,0,0
e2dfe976a7884b90847e1e399ec0b9e6,0,0,0
6245d37090fd4e938c6188a609227abc,0,0,0
431023d1f9fd40048ceee9214fd8464a,0,0,0
0218d7b2320c487f939979a5290f0007,0,0,0
ddba2705fe4f463388f2a28b2989d6fc,0,0,0
6dca116f3be44ac89eb68038d832957b,0,0,0
42835396db3b4bcdb1efb1698b36d2d3,0,0,0
c7e4c175f9b347cf9256fa7e291f26d9,0,0,0
1be9e528556447d0897d382ddd408766,0,0,0
14a451560cd94711b4b47d7ba89a483d,0,0,0
cc0a474acbe84296a5adb17b1512633d,0,0,0
0a54ae7daf36423fb6a5607caf3fb942,0,0,0
a8bee39766144657b1eb5a9346804366,0,0,0
afdf0c43bc4f4daab702050ad1173e78,0,0,0
479b5e13d201492086bb3b69be5b124d,0,0,0
7d90b6268a79425cb15a26ef91d68c96,0,0,0
bb7193904c8b4c4fae2c83ad2fb9fd09,0,0,0
e7d38d204e374f6b8300c5a559a768e9,0,0,0
e6857643ee434776bb20fb9afc190b41,0,0,0
3e3a6adeb5ec4c2497b7524fb91c4491,0,0,0
c7c84bf01a834489ad11d8450a7dc2bc,0,0,0
25dffb87de434b119296fc0a02ede607,0,0,0
d7230c164e814f9a83244ab2edc15334,0,0,0
5fb3684195624a958065a08c9f33c284,0,0,0
2880c0784aa0462a8070b30416752de6,0,0,0
120293fb4e9d45589055c9e4cd2b9600,0,0,0
bb4437bebb8a496481a74b518bb377c7,0,0,0
a71b036585454af7adbf86067ce95e1d,0,0,0
9d2ae4283ef9429692d5d05042f00b25,0,0,0
67f302ec85e24e2f83b5f93989593175,0,0,0
3a4f51dc3d0244baaecd34d24fddd6c3,0,0,0
a3054da801a44748bf2d5ef66319dd42,0,0,0
aeb3199e10354e45a4884bb185c03257,0,0,0
fb856e37caea4a899ccf3820f202930a,0,0,0
