06bd0a2d004b454b9e93ddcf08344732,0,0,0
908969cb96524db88345634daf6ff85f,0,0,0
01cada103ecb4ad3864861c13baee57d,0,0,0
4cf8f122a0e843358e1203e6314c2975,0,0,0
5c24acbd5ece43b88e435ee56ab80990,0,0,0
494af1a5feda48c2ade6c1029ce43a72,0,0,0
abe46843638d472c98a8e90a64c4ea6d,0,0,0
4f5b6a8caa3f4e8d8d6c2eeb30068b54,0,0,0
a60475b960cf4e65891374928d0bc5c0,0,0,0
e6076af6f5214c9c91e81d468e644ca5,0,0,0
620d1a6e5ed94719a08a608622d9e7d2,0,0,0
39f0b7fef1e547fb82a1b93f893df2e9,0,0,0
faed19f97550433b958958f4df869251,0,0,0
297a4e9f03774963b489bc2f19e6ba1a,0,0,0
930cbd6da8f14dfba4d883c55a069f96,0,0,0
7b8148447e3948a59e2a7f7182d79f21,0,0,0
1bccb9088318447bb8ff07cff1254795,0,0,0
d640cb095a274900adb5a993d148bc55,0,0,0
b5f5bbf9454c4167970d75d42a5d7d1b,0,0,0
64e28fe52a2d4dbaa29a4c20fa527e6d,0,0,0
a146c3ad31e64d6bae7642fbe3395865,0,0,0
3c6a41cf614542aa85cc01082c9c103b,0,0,0
35e547187b984a4abef811277704c1b7,0,0,0
ef6ef26f03364dd897ca5f93fbeeeee8,0,0,0
e68dd1d23bf8489b89955f6ed96a6858,0,0,0
db5597417c5347f2863be10b9df20cc6,0,0,0
28f3297274c545d68ecef3660694ceb4,0,0,0
b79e6bc1a3984facab7caf00a0bfc628,0,0,0
d8d0fa6bfcd541889d727767910ea39e,0,0,0
7464a0fef489436c920374e1ccf721ef,0,0,0
a794acc37c1f4f15a17dc7fb0d640ddc,0,0,0
be819bf04a6447b1b8301dc73d21d5b5,0,0,0
f0f971421b4f472185bc096f2636a763,0,0,0
e0eb53beb210453ebfd222873496fc60,0,0,0
ec0a7a6c66244eeea1fba43caddae01a,0,0,0
ea04c16205aa4ec3914a9ad71c710a2a,0,0,0
b2c25cc46d304142970917a600cba311,0,0,0
d87d8ba84b1943dba1732b94274699de,0,0,0
50d579f131f1490a9e927cd33a112b39,0,0,0
835f62ea47be483489826cf1daf39374,0,0,0
2c9141f7b24547c3808608bf9ad54b4d,0,0,0
5b2de972faea4ca381cd72140f77b0c0,0,0,0
27fdec10f8034decaba1d3cdb1fd8693,0,0,0
062a2a53b6fd44ea8bc55cc1dfa859ae,0,0,0
659c84430ca14aa5bf83a61683649a89,0,0,0
2b519d8eee9c4abb88444a397e87cd6f,0,0,0
b02200ddb1c44876acc8983e572f53c4,0,0,0
634e780736944f878996b40c6cb4fdad,0,0,0
1e034f23e0b547dc98f803712788d4b5,0,0,0
b9775867c1864f72a54d873c04d87f47,0,0,0
dbdf567edcfc48e6b39cd2bb9e3a9801,0,0,0
6dca0100bfd447c09f97e3cbfec92683,0,0,0
2086a9c97c6541e7a7c76c63e4f1d984,0,0,0
7cf50ebb46be467ea9e0145364b4ea26,0,0,0
c058a34d7f1b4b1586aa8466263acee4,0,0,0
cd348907bbe749d497903e18e63db317,0,0,0
295dcca9432e4002b6d765884650af78,0,0,0
2aeac437500c493089a748b6b007d496,0,0,0
6d784ba8b85d498180f61a7f0fa7d121,0,0,0
ad920ebd77e44739b1baad6c8822d5ef,0,0,0
bbd30f48334f4b22b6a09e755cca1b5e,0,0,0
164e2c5908234d52a7f0226ea820c0a5,0,0,0
64ac00a457e248aea85537aa48645e06,0,0,0
a22b7e70dc1b4cf7b5fca1ead35f0b51,0,0,0
b27d4ced7d2047a6bd6305660fbfa727,0,0,0
9684fefa1efb4a4e9893b63b68b1f528,0,0,0
89468b47b6ac4df48b1e8bcb9aae4f58,0,0,0
c69f595ae3e646ee9e447c87de461ab6,0,0,0
d604bbfa690d46e5b18b59fdbb0a2031,0,0,0
56903e52ad914b6a89316ae07fad03d8,0,0,0
089b249af5e644e786ebce2fafd07373,0,0,0
a37ab95777cf453a90f1e202d702fa5f,0,0,0
f93e3269c709423c9e0b43ec87cb6a9a,0,0,0
31253abae4f44d949d7ec9ab98599f7c,0,0,0
87f2fcf3a7bb4604832921dbebace23d,0,0,0
49413239f400410386be6903959e7933,0,0,0
9a8de702f3ed40fa9b32dc71d1b5b1e4,0,0,0
dec59abd81084cfcb8f6a792b948cba1,0,0,0
