1a050e3f3f7b4d248fdbcc255decdb1c,0,0,0
8fcf0b6f46b8465ab762e45a0060f6f0,0,0,0
1349a908694c4494999f72c36e52e1bf,0,0,0
f86e5dbb8ffd4355b18116d311291211,0,0,0
e6ac5393d8494da99808a5691fab817b,0,0,0
2550b846f9db46f9936e4aa6cbb7d7b3,0,0,0
e6040538e6ec43a7b73be5b9614ebd68,0,0,0
204681fd681d48469daec9c6c4194443,0,0,0
e3b1895ff0cb41b19be7fb13aa4e8d9a,0,0,0
8a1c8172f0b2478c96432fcd3dac6bed,0,0,0
a229d23ce864411b9f2787be11eb18f2,0,0,0
d8cb55a17c6e42c785e62d5cdd27a21f,0,0,0
032a2df684fc4ac88dd6cd76e9552349,0,0,0
56502d75026547c7b7987c02ca0e774d,0,0,0
ac10e99d455648b8a301c8eac0ae4e1d,0,0,0
7d4680fa7e9d4770971d94b194ed6a87,0,0,0
bd5b0fbb5cce42aaac64b219b1a157fd,0,0,0
9940d688fe8f4fb784cd7d64908fdf4d,0,0,0
4797d891d8d74ba99300a85be691bd81,0,0,0
e0568bdcee8a46ca983d0110d5889688,0,0,0
f1e1232855c7409f98cf26cb358087c6,0,0,0
4224e105e67346bf9a22f8d74e137a4f,0,0,0
7158079b64374ecab3e24a2b7e1b4e5f,0,0,0
4bfaa80c580e44199e4be62c205857b3,0,0,0
ee9d7378b5714394b480209610676b45,0,0,0
c43ed5913b6d45e5aa3b782bfa860805,0,0,0
1ec7b02628964cedb052c29579e6d404,0,0,0
965c77edadf7485c9907df062d7f40b8,0,0,0
748deea813334fa090669654ca58504f,0,0,0
e5f758b3d9e049488d0bf1191071acca,0,0,0
02253cded39e4f26a34c483d645ebcb7,0,0,0
d470265ca129400bb48754d16a157f9e,0,0,0
dd9ab154563443f4953856283e4f8417,0,0,0
cf179316af9845da991406a02a012674,0,0,0
7cdc8d66cb0b408d8c82c16e6f08bf8f,0,0,0
194fc5e8889540f8bbf2fa4da6647da3,0,0,0
359203b9978f4f198748a61fe7805cc3,0,0,0
4f8154a0785a4edfa6b5c73a4bbcc066,0,0,0
387707c22d4447f4b8ceff7a4ae26c46,0,0,0
c7b62b4a39874e1e9c75e6189b8030c3,0,0,0
ba5d70e6143e45c3a8281157ea9ed905,0,0,0
c92b9bd8b885423b8d6d1a7a58d2ca2c,0,0,0
bf22e389bd754181924923b4f5e0fe02,0,0,0
71c864cdf1d848a0a0db03933db9256d,0,0,0
1e2d321dc574469288c88e5ae2afb370,0,0,0
e8baf2b6f92146069db9252267cf8e12,0,0,0
b70e7f180cf4406a93a0877275e23c0e,0,0,0
5130cc177e014c99b285d7fa5af5aee2,0,0,0
871249bea9924fdba9937759ff5a22f4,0,0,0
fa065de5315940abb64684e68f6d686a,0,0,0
e1823aaa30044d89a3251b46974f410d,0,0,0
924e3186b0094263919f96914de0a8f3,0,0,0
3431e3f3d8724b3a827695ced41ba7ca,0,0,0
99a52967cf2c4da6832f9de0bad6ef2d,0,0,0
ee4b64b51d51492ba75339f30dbab962,0,0,0
dfb6c794eafe407e8b7bf0bdbd656381,0,0,0
ec0421cc61c64f6f8692d327d6838fd5,0,0,0
51303f65f927488da25d420f328ce63b,0,0,0
8e9f6d822fb04edd9c2217d223af3f9d,0,0,0
ec480cf25f5d4f869ff93e455aa707e5,0,0,0
574e933cea2f4e4b9338beb2ad27f64e,0,0,0
c6295be0248c46dbbf17f414cde24e04,0,0,0
3510eb416b7d4d779881abc5b5cf2cec,0,0,0
60c086c5d9684e238e9a5e5b59cff42f,0,0,0
00d3b5f7c25a4c34be140266ef2ad250,0,0,0
ce9ce6a7a34b4bfb8405e6009ed85783,0,0,0
369b253e4e054e8c9fba8f9d1f7d5ea7,0,0,0
5c1275543c164a4f9bc60b08d8cb5c43,0,0,0
00e1ca9383af4c7ba86241fdeeb73819,0,0,0
7f20a42d67cf458cbe11070f02568da1,0,0,0
9331e0e80f2346b580cfbd0090ad8a68,0,0,0
c0fac4f252f44fb594aceb856fd8eb7b,0,0,0
59afa0697345472da3386d59fb52fccd,0,0,0
aa56e0f95db14b4481b0188dfd5b324f,0,0,0
ec6d76b6f8ef4cdbb8311d1546249b81,0,0,0
30c97481412946f292272d28af5d00dd,0,0,0
4ab5217c7908473c807f873ebd3a5ff1,0,0,0
40440ed0b1934fbb85929b08bff680e9,0,0,0
dc24c0e57e874e40a3ece84d23c012e2,0,0,0
a5630da1d1664409b606e36079d52151,0,0,0
8f93db141d2a4ba38f1bafbff0b3b43c,0,0,0
b558c9f7ab104755b49dd4ef0cbc991e,0,0,0
b6985ed68dd8405e969fcbbcd6dfcc42,0,0,0
2f3b661a0dc64477863a723642119869,0,0,0
213a5fa207dc491894df2f4405c40838,0,0,0
879ac49bbefd44e89bd7f67bf3fc6a10,0,0,0
0e241cf1a93841d4b2bd94434da632b0,0,0,0
673b43f1b9fe4a9e8202393028e180e8,0,0,0
622d85794c304f62a50bfd3a6cd688a3,0,0,0
8abf5b60ba564dcaa87fc2d982521be5,0,0,0
76a3c21bd39346938d4b78a7b0370f17,0,0,0
fdfeed5766974ae2bcd56e05a7de3117,0,0,0
b72bbf5f815e43bca6bf4509fd7c9258,0,0,0
ece4791464684b42ae24dd216c84dcf7,0,0,0
d66cc06a999b400eb6cec0f1a31e0ced,0,0,0
eb7c8095d2514ab7a84732fa41ed3594,0,0,0
7cd7980c266c435dab767629ab712b74,0,0,0
17215b70f091427a9a4db3aeec8a9894,0,0,0
2bd537f50326424fbd7f77b371319eca,0,0,0
4e05d96a5288470baf5ab44f6677f21b,0,0,0
764c9ba6d4bd4f34bad972be2dffffcd,0,0,0
895dc1e515e6491abd794cfdda27edd3,0,0,0
8d9d393304ee44298d828d71444961ab,0,0,0
c1dff12edb1e4cb0a1f5bc3b356dd4e2,0,0,0
18c0ac60e26743069f802efc18a334e1,0,0,0
36b9c21ca46747439a5746ee1c9788ef,0,0,0
f6922250300c40b28cc587996a18c11c,0,0,0
585c34af2340439e9fa507888421bb9b,0,0,0
51741dbbb9d74eef95fc545593cc8d46,0,0,0
