31eced24029c4dacad2bba2b1a2b7af9,0,0,0
a08659774e5a42679b1fa25c23dfd623,0,0,0
37376bc376de4a1bbff1e45f6f420d0f,0,0,0
eda4b648d33d436aa09516400af0de9b,0,0,0
5f1150236b444300ae38d24088e75a0b,0,0,0
280d28cd4c80476384046234022051f9,0,0,0
d6316b40b9c8413386ef184e5a5382ab,0,0,0
519643de8cf8414db0d0191bab30f32d,0,0,0
a5adbda8c1314346a5dc10d9e0f3f908,0,0,0
8c874344710140e681d78c046d471afc,0,0,0
d837361a192a46f796fa084b58952201,0,0,0
577717ce6ca248799fa9bcece8f9d32e,0,0,0
7afcf1ae63e842e6900e23f8bdaeea3a,0,0,0
1d262441697444b0908ea10b5ce60a59,0,0,0
ad24c52938c34a25b7a7c694d4769f30,0,0,0
8a2aeda8632c4fb38e51733e873ae813,0,0,0
ee7f6616e9894db580c78b08a6aa7343,0,0,0
585a4140cec24801b4785d40092ba964,0,0,0
cd0f3ba84a5f4885a6b2f8626db0f0d0,0,0,0
34276b7c9d6e491885f36dd1d286e477,0,0,0
40094a9ad3934b5cb69633e07e0bd6ab,0,0,0
7a939072217043dfa0af4d1206ab3c86,0,0,0
0405db8320e24c3abb2f1e7c3ce52810,0,0,0
2fb14459ed8d496fae1ea1683a23493b,0,0,0
27d23c2605d24971a697f2404671fa04,0,0,0
2f782cbda7884257a49e9c7538e1d87b,0,0,0
b0e31a5d1f254167a442608bb1b1eadc,0,0,0
be542a5895594a1d98592023855f3a30,0,0,0
0bee565558544262b0368f2a92702677,0,0,0
3229309326224f1b93f98c1ed36594da,0,0,0
dfb6d728749e4dbb9116902a8f2dd6eb,0,0,0
95c9fb86dcb14fcabab35769b14beb1e,0,0,0
5fc192b8dd7b496db4925aaa16f60821,0,0,0
4979277e157943be82cbff6c25ae8bef,0,0,0
f45a8159957246ca86b466e86b1713e4,0,0,0
cddc847cbdab4d01b4ae642af1e557b4,0,0,0
4280d68aa5de47788b1edb650c6280c7,0,0,0
889965f33b0e46938abc58b97fda5aef,0,0,0
4ae7d442d7504317a44d3b939be2cacc,0,0,0
5ae31c91d7294d3087d9e257b3108083,0,0,0
7aa4afe5da1947039e35bc2c90da1aa3,0,0,0
4df39a86b4e049d6a32ef78c83b78aff,0,0,0
6f73ed74234145baac0b9b2854a95610,0,0,0
e91fd405eae74dcb93ab7036937b1c60,0,0,0
15dc2cb2ace8454eaaeedea4f897cc5a,0,0,0
36f960692401420f90d5448db9e22615,0,0,0
6993d4826f644c37b5632edde130ab67,0,0,0
e8f67d7392804d5e9284c74c2a5d926b,0,0,0
673c93ec5cfd45efb87f064bd4723f8d,0,0,0
42ea9388a1f74f0c84105ba33fab13dd,0,0,0
ba9458d357074f62bee47dd2e5556854,0,0,0
1bcbf573d0464f0a8556128f227d8f31,0,0,0
5e9fea34971b40a995c9b1b5e69ca434,0,0,0
6dbb762da390463f83fc26b02e723259,0,0,0
c35ee12417344d66b004d046df9842de,0,0,0
36932f17cd6f4351ac3a9efd6632e0c9,0,0,0
ab3d95c62b3748c7b803dab2f7421dd7,0,0,0
d1081f33c992439a9d4ed420cddc5ff9,0,0,0
a0b14b141fcd42ac8c56f66ede5be8b0,0,0,0
86f4a6bece3b4edc8e71cc0d03cef2ca,0,0,0
cadc13ee1b3e4b04b720062aa5f765fb,0,0,0
814d798917b14527a61e1135e74d6bba,0,0,0
20352d61b4c14e2ab410046ab72d0849,0,0,0
d910a01091f047bc9a4344fcf362621c,0,0,0
3014b8cf45664302bb24e76ba6aec69b,0,0,0
23deb5b68d61426cb0cce5578e05cc8c,0,0,0
201e139a7dba42d494a8290754252134,0,0,0
6e8e41636dc84e94af80d009663e7c75,0,0,0
ba9624a97ad74614968e00edc698f4c7,0,0,0
eb3774d7d7c9470ca3ef2727c4cb58a7,0,0,0
72e5cd657af64e8297f6ee20aa46edd5,0,0,0
81829ab350054bf297a7ebbb1eb4fcee,0,0,0
5ebe5e4ed7384814bde7bdf5aad27e8f,0,0,0
bad314d5f38844a3bd94e5e1ec557446,0,0,0
42bfe0c4e181472f8439b68667c23e45,0,0,0
9aab8934d33545f8a0559acbe1a69da3,0,0,0
769866f82e6b4388b8b63023532685e0,0,0,0
aa00867860b84d36aa756d2dd29fbf5e,0,0,0
add7a68256564d1b85b560fb614beedd,0,0,0
7155aa5a514a444a858781ce73d1746d,0,0,0
bfb78765ec3e4eb7aebdea9e7c2bf047,0,0,0
5e67772d3b8e45afb565072f436e590b,0,0,0
6e0c4533325b431db69bee9e850f3d07,0,0,0
b6b7f34e5288498f83297dcf91047b11,0,0,0
aa685f88bd7b46e89ef630e72c72903b,0,0,0
86d651b81a7c41c4a78b902b43fac9d0,0,0,0
1d6750beee5c4d52aa62ff238cb0896d,0,0,0
a5365f6b9c4d4c3fa0b098cddde858e1,0,0,0
b3fb49d922374aaf81242f21d39d214d,0,0,0
691f6fa3625b48539b1a686c2fbdcaad,0,0,0
f7d0095f6ae347d7b4d6f1b653005f4c,0,0,0
8f6e247cade44925bd3406f4590e24ae,0,0,0
13c30ac9dae6410fa1da3247fba2af76,0,0,0
bc988e98c7e44f129dcc49976264f7b1,0,0,0
e056e877de1f47c9a08bb295c285f51a,0,0,0
d1174dbd13454385b8a23cb15725b9a0,0,0,0
71130c3762f74484947a64c3046c18a3,0,0,0
5ef3c89e80bd44288091527d30458d16,0,0,0
f6706766882847a28ad9e120b568f9f4,0,0,0
582a46d4780b498a9b04d0f64f806f4b,0,0,0
7a381be117474e159e339b7bcce0baf3,0,0,0
bf3aacc37c684ab4b66b732557d1c453,0,0,0
1495db5760cf415299116892de94695a,0,0,0
ae452693af47490ea50fd1057b04337d,0,0,0
bc0a3324347a48db8b6ab84b732b1679,0,0,0
af8dfeff482f4fa1b70bb1f470791f6f,0,0,0
dcbc89b871b54cdd98d8b59b700d44a3,0,0,0
96d117f5fcf04f9999985134cea8e356,0,0,0
c662afaab01a4c338d739c7600478db2,0,0,0
137543cd90ed4a90a10b244b14014cf0,0,0,0
cd289dfb2a4d4161ab18c8b0e7889f0d,0,0,0
32788068265a4d5fa52a3cc0cafee00f,0,0,0
84fb90df9ca34c1da30776e93534bf3d,0,0,0
cc507e886ab449b8980fcde8de54b4e1,0,0,0
151c624d368e4ca9b262e26421228101,0,0,0
5d679afd01cb49259c38c0cb750319d2,0,0,0
9a65ec8ec80d41a492cf617c83b15ec6,0,0,0
53652351502d4b5dba01ad8f23be3443,0,0,0
f115d708bfd944c7a6bff880581d79f7,0,0,0
8d2813d7fcef4b1baaf6fd9e481bf0e0,0,0,0
f11d088aacc9410eb3822d7b8f131bb1,0,0,0
0ad36a01319242bab7c5e303c2731bfd,0,0,0
9bd6013e7ccd46c28789c54605a56151,0,0,0
15a4cf9f49ab46a1a1fe8a91ab2757d6,0,0,0
97d4efbf203845a19e094f8f5383d33b,0,0,0
b634b67520bf4c579f044a8e433b021d,0,0,0
2449c88db38b45a78a4227382dfbd3e4,0,0,0
447e9619e3b641f790ab3d9f8666b3d1,0,0,0
31e2ead1db884aa0974a21674f83b488,0,0,0
a5ccd398f969476da588bf4955c76e8e,0,0,0
cfb40a8a73414375a43798a7133d28c4,0,0,0
b726980e1c804d86856a2d0dd472e571,0,0,0
14fc3b1f5b5e485da6019ea563fe7b50,0,0,0
a31cd1ae58174529a0f6ef897bccdaf6,0,0,0
a0ed01562b764da7a7bc5f5670d9a463,0,0,0
45e5c21ecc32454b9390fca6c7d78316,0,0,0
8646134295d2446ba7e27db2fd6da710,0,0,0
19ae938a01884f31bb5b758b5a8feb83,0,0,0
0952da4444d04fd3a33c406da20d6f8e,0,0,0
95d84f2a4d334b9589b00bd2ee8c41d5,0,0,0
29e0e9dd21db4b78bdea0ca885f8a744,0,0,0
6f87bf60f1984f31a2af16a91f502ad9,0,0,0
1a4cc7154b1a4e44b8b41f6f6bb7a235,0,0,0
a406b9208ade4d0d859368e1ec14564f,0,0,0
209a0a0f9b4d4f3caaab3c25cbcd9105,0,0,0
2ba3d353cffb46eda191ea81569608f7,0,0,0
248dcb819089462a98fd16c5d7676fd7,0,0,0
9925e8e8fcbe469a875d7ebca3452d4f,0,0,0
7327f809158841168372656773dd5236,0,0,0
4d53b2df82b3494a80822eba94c31f2f,0,0,0
e1ff49c1e5114971af1f3f6df0c155b2,0,0,0
d8404ae7e4a045c29e8a991181424a01,0,0,0
9c4bd27f6372466f904b6ce78045857d,0,0,0
aa6cf4f2e966486593740ff0580bd7c3,0,0,0
f5933619d2914bdca7a58a004ec7c3df,0,0,0
52a377b49b9042a5803c42b33ee78be2,0,0,0
ee92ff66de3d44e9bc50bae691e83d92,0,0,0
2cd98eed9ae24dec8ca021e761455fc6,0,0,0
ebfb6f0280f145ea9c72600d76997c78,0,0,0
6c8219cd4bf549b8a0bf58ba7b0f61e4,0,0,0
3389b852c9c84bbeb9855d46d3637a1d,0,0,0
6a57a23befa34262b84aa219156f1432,0,0,0
7d5c9da3f8374e479e2139bb508b38c1,0,0,0
54507d559ab2427982e8021989d48e50,0,0,0
e22e126c54a04ee091d6b18c6cb12440,0,0,0
0dd92311e1a34edb96d589118f687489,0,0,0
a0a8cd07457a4376a550ac35104fed9d,0,0,0
5713992a192a40a1a32c11a12873791d,0,0,0
a8620ab48374402187c81c4ccb48e01b,0,0,0
4ad4f9b025b441aab57a1eba3bd1c2c4,0,0,0
6f5546088036436d87fc42422afc39d5,0,0,0
74b4a5ebdda245d3b9d2c39696ee2e42,0,0,0
b12c9c0d102f47fa8efa97034579c721,0,0,0
72dd481bd3f34648accbec251378a39e,0,0,0
ef98e16224ae4151a0f5e69ec03916f7,0,0,0
e91955faab2b4a60ac33f48771b21c54,0,0,0
56afcfda8a6b45b499770f816eb67944,0,0,0
ba3d3163aa4a4211a0bda0b7adf07b60,0,0,0
5260f113c5f542a8b6b115cbdfc9fef5,0,0,0
f924e8567e4a4a31bd456348ad343f9b,0,0,0
f7c4dd7041a8468cbf597db2d93a247c,0,0,0
09065b7df3804647b838b3decc672389,0,0,0
eb4f9f3d0aa1436991b324f79196bca9,0,0,0
fd1c630635a94f78878d5b13a63274bf,0,0,0
8b5fb14f2f854a4ea7f05d76adf7a9d9,0,0,0
efe92e05c7f044dfb7cfc92e3cb2f2b9,0,0,0
b1e41a74f03a4ceeabd6a6da3dc557b2,0,0,0
0f0c966446e24bdc958349d0d9c3e09e,0,0,0
747202cfe7d7453fa924b3756a75b4fb,0,0,0
c8ce61375bc8403691ec503de5401235,0,0,0
50199994cb904aee97c3d60121dc4a0b,0,0,0
3bb211c9aabb496c8c5474f242e71a4f,0,0,0
74230db02c1748bb89b3ada696cb5deb,0,0,0
38808050304946dfb262966b02c6ae4e,0,0,0
721eb57eb6c14bdd80a31060a0365ef8,0,0,0
23d3a1b1dc134acc8ffa787e2ee558ed,0,0,0
6bd6fde111574af289492ba17859be83,0,0,0
104c429382034f88a37f95c5888e3557,0,0,0
c7581a467201430f92c32378632850d6,0,0,0
3d6cd6d157704b8abe96332301d16436,0,0,0
310ded38502647188e97b980b77c2472,0,0,0
f873b983498b4e18bb5acfade836f2cf,0,0,0
4bfddda1a6d940a69c20ad1117dcd3e1,0,0,0
6e7a94e806f8436e8d1d70efdf3bf3d6,0,0,0
8d3e229a4b574c5d9cb86d2099f49d86,0,0,0
35538596d1564408a4d3ec39541feead,0,0,0
ee987ba0e8ee44c1a95ff0f958f31791,0,0,0
4f94dc20bae044b289358e718e8c5b05,0,0,0
00e65e341f5843d385964e17103e6ae3,0,0,0
fa41428fbc6d40ee9bad222307a06c3d,0,0,0
51d499bdd9794c669f6e8eeb4ab54052,0,0,0
e119eb7d5f02482f8311ae3de081c543,0,0,0
e62bb5ca23724c1aa78e6f3667d8e3f3,0,0,0
54213dad839f438d918b76983862e6ff,0,0,0
32e63bf1d88e47328ca6be71b5ac2b35,0,0,0
701006439c3f44239c348b0b92833ca3,0,0,0
253d678706ed4761b6b6b28df93f075c,0,0,0
fefbf5f40d364b0fb096d1d93aba4316,0,0,0
6bd0017610ff445698c3aad76b4f9e12,0,0,0
d2e318aae7cb4c0198f72c97f7d2aedb,0,0,0
a4e473fa0bca4c69b866e03b222975e1,0,0,0
94c03e0ba67f447c8954562569a87a27,0,0,0
fabe4fae36f74d6d8ae8d64cb5ca9b4e,0,0,0
cf0febb3e6eb495daa0ef1ba776548ac,0,0,0
2847ac3356dd462cb57c4f7f7ada4146,0,0,0
945b55df8540463ba66ab57abbed4869,0,0,0
7a42af4caa814affbce3c5325c0eb181,0,0,0
701293ca052c452c8454a11cf5f140f5,0,0,0
d828865aa4df444da9c7c051b87f1272,0,0,0
349df9d6cf9647a38ec403d5fcffb690,0,0,0
5a63b57ef203489e9536ab9c3694f3e6,0,0,0
c4b31a14960b43c0b4b17320ce76acd1,0,0,0
d743238d113140e1990ef22371852a1b,0,0,0
643111d29ca04e74abff09ca7be0fcdc,0,0,0
2a89fadea8ad4717ac04d2f27c48b8ce,0,0,0
7bcfa9163bbc47e489988d011b395a35,0,0,0
90ffb16e607e495b9c230de85201dac7,0,0,0
b86db2322dcf44538d16e38cc789df6c,0,0,0
eaa924cd93794010a866d09389edd172,0,0,0
853fb2412aa04958bdeb58a0c2a5f654,0,0,0
7c41f500f2ce4b7a9916e292221a7740,0,0,0
ae8b8fd21d474f7a9a429fe6c86b514e,0,0,0
55ecd451adf344d88152d33d56d88413,0,0,0
5e83ef2965d445d18d539afdda8b88e5,0,0,0
85d57580fb854bf1b732565ce6b83fec,0,0,0
173a50fdd7d14bbb9475f84357ecae45,0,0,0
ebf438da4aff44d595b414b9ccd023ac,0,0,0
7d91f15f7b2d4c18b45ece193eabb9a3,0,0,0
dec940911e0a44e7b51b8fa218fb3550,0,0,0
165270ae7e7746c28500dd0fc3f84960,0,0,0
ca485cbdb9c247a0b7b964a0589c4311,0,0,0
f40e599480664537833ee44fea373731,0,0,0
dd1bf0c600694b68a45c8754bddfa167,0,0,0
17cfb9ce044443479e0a2a89925316a5,0,0,0
bd0a6c4865d74589a65cedb040ffcf00,0,0,0
f0d1e88ba92440e1ae9a10336f1066a4,0,0,0
43b624e2a1a54c758490afea3cb8ff59,0,0,0
ee51e32e785e4649ae13c9152ec68893,0,0,0
b20afa1056624aaca536b2bc6af05de8,0,0,0
20c06e17f2134fbab5d3e60b1d974645,0,0,0
24dbd843e0fe400baa0228c00158bb29,0,0,0
8702672b13ef44ab85da7062d5647237,0,0,0
badffebebfcf4e7cb8883d6a0f8fa25d,0,0,0
f07aeb211ee441e5ae1845889055195d,0,0,0
52b3a84808ca4666982de6fbf6324acf,0,0,0
fb45b9079d34475998c4a9434f70ea38,0,0,0
b0a3ea6e7efb429eab0d0ede3174f906,0,0,0
ea6f8b054a3b493482b183a6e92b9aa7,0,0,0
16aea59da05d408683abb0ecbea14077,0,0,0
fa3b4a397c084131bcdd2e6954dab4e5,0,0,0
a2131c9b8e674c3db73821fb924f1644,0,0,0
4f0a87d560244c2f926f2110e9dfc1e4,0,0,0
bcc22ed579534ff590d554211dea0ee1,0,0,0
64303f8d3b624128929cd6451d0db37b,0,0,0
0738228b42634e52ad5b15ed95ddb422,0,0,0
d218377018e14219a034d3bcf992d9a1,0,0,0
372d9c5a8d394815a470573708b4f8cd,0,0,0
76ca01da5d454acab14017ac9b27ba76,0,0,0
c03c695b367447cb88ca1d5c817fea7e,0,0,0
10a315d020ac47408b86212a7e258279,0,0,0
09fa27f2739d4b849d2cf604a6319170,0,0,0
000d2cac6cfd4f07b56d159ef5658a08,0,0,0
