2343ef3bf04a4433af62f0d527d7512a,0,0,0
904beb4bca9e4e2b8d15f3af9b70a242,0,0,0
3d0ecd8a8a6f4ba2b3849f2b77083438,0,0,0
1c2596bea79c481db4af3b0a26342978,0,0,0
f0bf7f3b529548a5a2c36fcc9b05b714,0,0,0
03bb2fc19b214b91a81c958303f98892,0,0,0
87449aea807942e0998e230c344f0e42,0,0,0
146714339e954166a2f701202e030c29,0,0,0
ba9af4d3f96d4b47bd45d828f2d61d2c,0,0,0
d7457234e5d54417bcc64a74d6ecfd9a,0,0,0
7f0b1a5b010945c1b27da9828360d402,0,0,0
c10178a834d7433f8294a88b74d71954,0,0,0
095e289950a64f99bc690533335dbea5,0,0,0
39a9ff1fe32d41b8bb16f7f102414c80,0,0,0
8aab1e4ed6e845328b9d8ab7e2c009ac,0,0,0
9df5f6ec205f4c8088cc80891d97675e,0,0,0
f97898ee20f74b2d8627f5065d633d45,0,0,0
b90801209e564a309883d214b02a6195,0,0,0
112b976211e448f08cc955a8f4315e0c,0,0,0
74ce4ff76774491f877325c9402b6184,0,0,0
99fcb9869e0b4a7a9f825d70d6f67efc,0,0,0
d3bbb56e888d4b659563d6e135406870,0,0,0
c742bd01328e48a0acc256a1ce2a48fc,0,0,0
3789920326234f7a91bde25661a0a3fc,0,0,0
f346ec806ac7467c97fab5a2e36793dd,0,0,0
abfdb9e245524fac9a1f70419788b6bf,0,0,0
14af8cbc71694b0ab5ca408ceb1c2cdb,0,0,0
140ee525d84c4e6e9d0b3bda3cbc19ab,0,0,0
0701fa74a0bb4f478b1f167ea7939c0a,0,0,0
3ed7021b489144e9931aa86d6ed282c1,0,0,0
ca660fbd1a384380a372ad79f760e1d9,0,0,0
5764e704c4574c34b7a579260f191e7c,0,0,0
217b34f2c019478ea2b734c13e16b62b,0,0,0
6609a7b19c604c68957f95826c953482,0,0,0
a89e5c41cc7a4881bb8739aae37a71c0,0,0,0
9ba405ffbcb5460b8fa5693ed68e5bbd,0,0,0
055135a74623475bbaa7fe3a9b34d5e3,0,0,0
4acd978965a24452ac39f4964cbd69c8,0,0,0
0abcad1faaaa45d296aac7b2083ebe54,0,0,0
db3dafef140f44508a4130b29e3dc1bc,0,0,0
2ebc2682287645efabf7f2319682aab1,0,0,0
6e1e523c608942daae201e0edb7cdde0,0,0,0
282d98c53101421f9df5e0aed5d356a3,0,0,0
606a5b4d7ee048d4b15fb07fc7a07fc6,0,0,0
6a39f7496f3e496abad3584ae5812de4,0,0,0
13ca7921f59a4500bac94fc1867636ee,0,0,0
aaef0e13feb84a9a8cb567429c9fb8d7,0,0,0
5c8f1d2de7c44d4fb95fa752c5fdce24,0,0,0
f5f240dba39b4c19a1354c89c56d7a59,0,0,0
fc30206582bb494190095c4439e2da29,0,0,0
bbbe225834074bb0a3fb31a3e1e80685,0,0,0
175d0c8d6d7244f5bbeb03190345cb68,0,0,0
013de08029c64d4caa3807ff21822447,0,0,0
9c2919ad974d472fa4f97c01005666f0,0,0,0
d16ee55e1e434c8abc07c79b08204bf1,0,0,0
2d61b8d5065d4361a9ce7197ae65fa51,0,0,0
481282c812c24f8292054a9c8b23adb9,0,0,0
f155853c7e6c4761bc42e1a304c78b2a,0,0,0
2e99c4517678406c935d5c8bb25942c8,0,0,0
1015e20d2dca4a01b6cca0ca0d71c29a,0,0,0
fffe7407b0324ceca095d418d02e2ea3,0,0,0
