264445cc6753457ca7ac071a18d3dcc4,0,0,0
23fb860d05574aa2b5ee29ffff796065,0,0,0
1892385477bd4362b8a1d03861169db0,0,0,0
ac4729349d8643c28a5b7ff8e7857a32,0,0,0
52ca4f1175c846b0ab281ed9135b1040,0,0,0
d81e8ad2fad94c27bf7a469ee02be26a,0,0,0
2c0845231d7c4724814fa306bc2516c8,0,0,0
39274e52c0404a0a85a1705133468817,0,0,0
98c6fbbda3974ec28803750a3b68a03f,0,0,0
39136812de7e41b3a5e9fd431feca2c3,0,0,0
76b2fa3028ad430f9cdf8d991e9459cc,0,0,0
64f15fc5001f42a58ad17839e7dc6c8c,0,0,0
48cd71c5f4014463a326940cdc43521d,0,0,0
b2f31140a9d0482096da4ac481fb8a56,0,0,0
1039f020c9b341d189a3f823d098a492,0,0,0
e8e8f20091764538891d2cb74fa358a3,0,0,0
050b14f85a974966b61edcf8f965660a,0,0,0
ae96483f7c964adcb0cf3db1a2a3b8c3,0,0,0
29f43f5a5a93438c891426d96e7309ff,0,0,0
f523535ee1e94149af0d5ce1412c0c49,0,0,0
89f0bcf59c3544e18b4bb2a1e678bf33,0,0,0
f421008cadec43158b8fdbabee681ff4,0,0,0
bdbad33ca8034305ae6bad4b43994068,0,0,0
f29d4e5baa72461b8389f627cd71556d,0,0,0
cc9907d0bebb4c78938322ea577af7cf,0,0,0
d907086855c9497dacdb77503099ba10,0,0,0
bb146c5cc3af4042926734d75cffb33c,0,0,0
d3864482f6bf42ada7aa0574b0f69f48,0,0,0
e0e80a2e7596460983ac0d281a2963dc,0,0,0
3d35341d910242d7b39d06bb160c46cb,0,0,0
8a88310071c24284b0c1da7c7a37f77a,0,0,0
f174e6311c664bec80f0c38ae893cdc7,0,0,0
8a6f42f92af64cf084c2adfc7397e142,0,0,0
addfea9928174ac1803f8f46cce98c7f,0,0,0
c3252976460541b2b3f3f0e120a3e999,0,0,0
b4a95ae65e3947759563d94e9cfa135a,0,0,0
ebadf34fd24c4a60a826fe790e7a5595,0,0,0
fbe8732f87f94c35a49be695f2a556de,0,0,0
91956356893c43538dfd48c4e647d531,0,0,0
68ce1a01386d498fbf89b93c419c832a,0,0,0
126ef6e65677477f826f0b6ddbcab9af,0,0,0
2fb3e5986a7b45ceb6d83f975a5ae6c3,0,0,0
ccb433bb72fc4f9eb85cf3a7bac78925,0,0,0
0d2c70fefca244809696dde968e50174,0,0,0
76608ac3f67743d5b699db9eedd63685,0,0,0
b4313bf08baa42e193a9b56a24fc068a,0,0,0
4a8e3e54dff24b6d823116967b9394e1,0,0,0
fa2cbbb20350430bb00b7039031111a7,0,0,0
7b79f317a58f42faba8dc331a0f3df1e,0,0,0
04b139c365904422818e1f8aee78e5b6,0,0,0
3b725579bc064747a62acc84fde8a41e,0,0,0
eaabb5eab12f49fc9cd7b6ed473c9a52,0,0,0
fbc1012c2b25436ab340d33c7113c98b,0,0,0
9c8bde8e9a424fa5854b37a1bbba9186,0,0,0
667ff0920b9e411fadec2d197fb1b212,0,0,0
3a0f734a7b4e46c4bcee77b78c5e3f6a,0,0,0
13f2aa8423ca4c5588d50631355707c0,0,0,0
0965af34fada440a89bfb3700aa800c1,0,0,0
f1cc26867dcb44fda5f2e70555fe7856,0,0,0
8e9d71e0515e46d6a9b0d2e8dd1a50fc,0,0,0
b9da45eba09347cca11a17df78db48f8,0,0,0
72f26021b757414e9e9e087cbbe0ce20,0,0,0
831638cad3de404d809a05f679dbd18e,0,0,0
6970492134a24065b8ceb8a2e450efeb,0,0,0
877ab9bdeb0a4f6dbc7a00590111265c,0,0,0
ec3fd35293e24e53bd326510d9717d2d,0,0,0
b09e4d4c48154b58914cf98dc3d8983a,0,0,0
2ff597e4083c4124924fb6529da91e1e,0,0,0
2186c21f248d41c6a05da7ef4c3922eb,0,0,0
942b118a4bc64ec898ed9c6fd4b85edb,0,0,0
15c01d0144e6410a9c05aa49aed26d6e,0,0,0
f29cfc331fc44746a060813f1e9ef52c,0,0,0
30dfcdc8f97d4abaa6f2768ec8ae1c97,0,0,0
9376619fe9f04b57afe602afe554c680,0,0,0
831fc3127de24edeb793971f62e55029,0,0,0
4bc28cee06d54af9aef263db6f9f2016,0,0,0
5e03e25da5354169b69a22d1e83a9396,0,0,0
fbfcbd0fbb5f48eda74641a19eda8db6,0,0,0
cffa1c807d2c4a708aa1e5f42aeba106,0,0,0
e3fa0f41ee3f4f85a7fa2c96e6be3033,0,0,0
21947bd34d904610867e83c1e9a962fb,0,0,0
78c3e703020f47d697aa77516b41ffef,0,0,0
b74ae339c11b4c8282f7dfd1ba88d837,0,0,0
4262bd54789f4caf839be008248e4d90,0,0,0
