12eaf8b2b7b64622b330bd58d275f02a,0,0,0
c32e11fd03ac4b2bb88aafacff21527f,0,0,0
55ff8fe550e94f2b98abb830e6cedf8a,0,0,0
d710e99a07914e7abc3c09978a532816,0,0,0
86231c45c6ac4672bd9c478bd0341335,0,0,0
cc1777c97c9e473dab1d046e56e1961a,0,0,0
4720f84313744b59b4b61e0a960bcecd,0,0,0
7cb2c4bc9ad84463b4d0c6a91b8c4640,0,0,0
36125b611aba4e4bba244d11a6725b08,0,0,0
00436103b70e4addb6e3d0556db05141,0,0,0
c06aae190b804b759496db0b88fe4820,0,0,0
8112f9278bdf4dfbad53e140b846620c,0,0,0
2f5285734159491fa089541bf820e528,0,0,0
fe246b702d174cd798e335d5704068a3,0,0,0
859a7c9c12c847d9a6860bd6d6bd635a,0,0,0
00f205a65f374c5299b67176c0852e91,0,0,0
7408db4f00ea4e9580eddbcf75aa2129,0,0,0
942331a24b5f46239caa4219a905e349,0,0,0
bbe77cfe6824428fb8400849ebcb2584,0,0,0
ff07f2a04de04dac84e8ed51039c87ca,0,0,0
a16dec9339d9487491fd55c465312db4,0,0,0
686627fc70a24aa4bea6512db41b7362,0,0,0
eed2f80b1b7c4900bdf96f39bee92c8f,0,0,0
f39a5c37f80d48849b63bc84bbe395ae,0,0,0
3a1c1e9d72cc4a0689941f6086cba5e3,0,0,0
af6bb13bb566488b8eea16b18d26c169,0,0,0
24d10bcad3b84d3a942f76fc34c2b210,0,0,0
d71d5842677848669da8517aea6c4e2b,0,0,0
3985f9200dbd4793babb41dab6a6d156,0,0,0
6ae4a52e16074a7f9e8cbbba2bf16eac,0,0,0
9d001c6bc0f64a699fd36a6b9a61266a,0,0,0
671995f09ead4d4cbdf7e0fd2ef11a13,0,0,0
976ad0993bce4c5784da72eb4570d795,0,0,0
3aa2bb32a50049de842d066eff185b66,0,0,0
cf20a83d4f5a490f8b07ddd43d0abc72,0,0,0
828c1d66f183441db9ac8bfcc7e5de31,0,0,0
f75d8b1b682c4fee965dd7c5c2dfae74,0,0,0
65a868262eb74921b6a6792baa995ddd,0,0,0
7d41ce8de085471f9d97bbff6b0c1831,0,0,0
177f67f4e2264d24996672f84cd38405,0,0,0
395d4594592e423ea7a0e1618dd384aa,0,0,0
5fc9ee5a54774739823437f476d70575,0,0,0
eef89e7a055443d8825cf94f092aaa35,0,0,0
70f4a1eb60744999ba4a1f63fef62afe,0,0,0
c823eb7138474e9d9fb2026a01ef7a8c,0,0,0
88a0c5bfe697410199d1846d7ecea7d1,0,0,0
0f66c6d380084442bc92186bcd20a39f,0,0,0
c3c5e202b9a04a63ae33742fe9095936,0,0,0
b24cfea7482b4f35b4740f621fb458fd,0,0,0
3145063a8bd64299952a6a2812fa039f,0,0,0
34d06442d74d4ccd94c988016006e073,0,0,0
9726c93b106f4ec5ad54074592e0a109,0,0,0
74761d0d8d3748e296b419643083df93,0,0,0
ba63547adb5643acbeaa36513d8b4e6b,0,0,0
279aa7019bd34bba990d425da5166638,0,0,0
ffacb35a54514b50933640577802d946,0,0,0
820774305e6f432ea789534d9cda5671,0,0,0
05869550e06a407a8dedf24f887c9b26,0,0,0
9276c9a3c8964936a1250f7ebd7edbbf,0,0,0
55abf0a58ae34456a58279523de80df6,0,0,0
e1d7c75408e3453293f3669bae645ca2,0,0,0
8138835f78064c28b6c9c35a89eda7d6,0,0,0
4cb29a3b0953492ab298b638d9cc092d,0,0,0
61551669f3094340b9a4957f92c30724,0,0,0
faf331eb87d74cc09705b5cac988d05e,0,0,0
4d36794543214b2a80738a74a9929dc4,0,0,0
26b1d5f7e2684a989a67d0b799001a93,0,0,0
7cb6009fdb57404ba1fcd02165db6deb,0,0,0
5d8d5fbcc95e47b4be3ef51862b4d1f8,0,0,0
444bc5d6006244e7b609dd9d06fed1f3,0,0,0
6e41a7632c5a4048a17a316d7192b97e,0,0,0
3c08ea75e6d14a36bfc8f29f796178b8,0,0,0
4c778faa3ebe485590f7b201b0090251,0,0,0
eb74eebca6c646808946749065633047,0,0,0
d9788d4409cb49a091f9b3208111fb59,0,0,0
57b43c4b652b4af38126985a2c60b8ae,0,0,0
06f99bb8fc5a439f80df2c7ec9b74ee8,0,0,0
23bfa2960b1f43e7b2213cae51f869f4,0,0,0
ac03a2880cf542ea9c515171a3c4266f,0,0,0
6e690e23af17426092fe6553e7cc069e,0,0,0
37a978a1cc0e4464a714fb676f65b7fb,0,0,0
