59d9c66f57b14062a49e17e8f1da2151,0,0,0
a51a0e2811f342a599ae4cdb9b84ff23,0,0,0
61dabfb7fecf4f328ad300a6f4b96037,0,0,0
1c0209d585494dcd8261e2da6351e4ea,0,0,0
6bef4f99063f4b20afd28ea00190ac11,0,0,0
1a792bc0a3fd47baa8a032e72ec6136b,0,0,0
3a127fd2c5f34d978cba253145dae7d6,0,0,0
9077f8ffceb943808934837db41e5616,0,0,0
7b9d56273f1f4fd288d53036aeb0e69c,0,0,0
478037d3df4945b0843b698889c50329,0,0,0
37058b3266254703804070513d3335cd,0,0,0
d62a08db6d144b51ba89e93be16d421d,0,0,0
27b836b9ca24423082fa9ab6b330e4ab,0,0,0
03de84eb12c24a93bdfd88e46a6db25a,0,0,0
b930fbdd40264d6fb3d660983ad1e467,0,0,0
96a8a59e077f405c84ff77a07f6b108f,0,0,0
c66bbecc057b41a8bb2eaa76c6f072a2,0,0,0
a4d3262f3112410e91d9eb7958680b1d,0,0,0
c27d60b88f464eb1bf02400a9d0f1f39,0,0,0
ca2525d9ecd14dba84c49be763f20adb,0,0,0
ff76dc630e20423dbb5ba8bc6d68d959,0,0,0
539de86b4ff748a2957c0528bb5e3e20,0,0,0
1e40d5ffa75a4f97824d683b755c09ba,0,0,0
959ae3ecae924fedb6a27c045968a05e,0,0,0
e2eea35b69824760b11d1815a52cb72c,0,0,0
e53cf1ea0ce245838dd4660e68f88069,0,0,0
b7e0b8b0d65b439382afa4c79db018a7,0,0,0
9926b38bd87e44e292d9c375050dd17d,0,0,0
12d4178aacf24639af24aa15ae5452aa,0,0,0
2669f5ba693c4e729d7d2c4f3fa0a077,0,0,0
d4b22ee7ff4a42c691c7b4148175edae,0,0,0
3b3649d2a7284321a0b9afdaa7b86df6,0,0,0
24b51bc6073b484fa53243690461c1e1,0,0,0
cb327002f1024540bcf2248236985eb1,0,0,0
39d82699c9a44bb9b5349d52faf1464d,0,0,0
81b3b53e5fc44c76a0cf7d62525e7c85,0,0,0
c9b5c7e60e7c42b48598171d960ec6c4,0,0,0
46b120dde4004bf9ada90cf967c0585b,0,0,0
65bf8725617f40fc96ce7f54edfc2576,0,0,0
544fa9ed7d3d4980ba9bb370bc64b1ce,0,0,0
b0f531e065c54dabbc76b3046bcd930f,0,0,0
6d5b53ff20bb4598aff68c01ae3a7b09,0,0,0
1be9a97aada84e4795f64583ac0e3b76,0,0,0
