397403366d784caf804d741f32fd68b9,0,0,0
4bd82c990a6548a994daa97c8f52db06,0,0,0
efc16a390eb54273be07a53c9ac005b3,0,0,0
74ab065a407340d2a67a66e54d64d309,0,0,0
687fece4613a4bc3b1504783bd73aff0,0,0,0
8836420cacbe4c37a57a8f8645da320b,0,0,0
65763d39327d429aacb2ec382859e562,0,0,0
2f78f0c5a7714e29a93fe5cb72bea6bc,0,0,0
b27908161ec6419eb6bb5313178d59e7,0,0,0
4214a9b1607e4cbea8dcdb42a4952796,0,0,0
69fad7dd177847dbabf69e8fb7c00ddf,0,0,0
8f9f3441c9714b36ae836fb9c0f8427e,0,0,0
924d79eb7fdf4504a97a22e1d96b2a6a,0,0,0
23c2318da20e4aa28c74ee745eb03c75,0,0,0
f08482ae99a841d882f8d40ce2646f62,0,0,0
9d26c238860b4508aaff3299af4c1681,0,0,0
006712c7ac144e9f9d36be2efd86ca61,0,0,0
fc40a29412bd43d58978091b6ff4141a,0,0,0
bd870ff6a4be40e6b942101d1550fb21,0,0,0
3c62d0c1ef944520aa557378c7234b25,0,0,0
0252edd759c5485fbf6b5f55f0146646,0,0,0
4a2b6fa66ac54acfbae98270236548a6,0,0,0
58f832b9cb414e1881828021f700afc6,0,0,0
82e8acfab99d4441ac4da5bf22c2642d,0,0,0
4b85d61dd3a94e8a812affe78f3a322d,0,0,0
32073c62923f40c590dcac826c72e2a7,0,0,0
29fb3c58b29348558d36a9f9440a1379,0,0,0
67971a17c26f4e2ca117b4fca73507fe,0,0,0
8c29de2e66404a1faf0d953ae8bb67cf,0,0,0
ffbed768a549496c9752a736bff9efd5,0,0,0
468345e4a74c432290ed59865e01d9e0,0,0,0
ed79b51efdac434cb12bcd3d5e7fd112,0,0,0
12027c1e43dd4e808d58137ddb8e293b,0,0,0
a0a40af004954a90b2b24a0cc6655881,0,0,0
b0e48743d80b4fbb9a9c7dfe5e08f49d,0,0,0
d3b6b42577fc4c9ea6bb46a8cc9f729c,0,0,0
3c6a35e15ada4b649990d6568cce8bd9,0,0,0
e687b96cff1b4a3abc1a6a9b75a483d0,0,0,0
1f05fc24cccf4f47bcfecf51a8a3e5d0,0,0,0
31447d5126954b3aba54bebd9f768964,0,0,0
3c025b8e3d2040969cd00dd0e9f29b09,0,0,0
a9722e0b87a94efcb5c7adbbdb003241,0,0,0
ca600b5f8cad447a989cf39548327712,0,0,0
21fca0d6192940e580587fe317440f56,0,0,0
a7f591c0bf5443a8989e6adf9968cf90,0,0,0
a77784b955454209857d745976a1676d,0,0,0
39738f70d5ed491a81864e9d334a8839,0,0,0
07304b100af64280bbaf510f06c7069c,0,0,0
6be22e287d2f4bb4a5fd1fc1172d438b,0,0,0
521886391b7849c9b1e458e8e65760de,0,0,0
19e0d074a48044949855917a5bff42ad,0,0,0
7dc12a67ddfc4a4a849ce620db5b777b,0,0,0
81cb217f9010407e95c54b3d0bb81ed4,0,0,0
9d831ebcbd9b451fa6fa9560242588fb,0,0,0
8db06d3a0dd44508b3c078d60126ce19,0,0,0
35439d9366144eaaae5ec451c0cef58b,0,0,0
2c21d73561894c189713c15db5bcecab,0,0,0
7939ba3afc934e268aec59027819ae4b,0,0,0
b8d39c5113ee41709a857e1ddb0bcc31,0,0,0
8a86473cfb6a4039bd774ddc71378f2c,0,0,0
b567b7c1d9284b358ec5793b3ff76047,0,0,0
41c64d47844b462bb86b576066fa8086,0,0,0
6d11ca4d41e04bb1a725c2223c36b2aa,0,0,0
c23f26401359426982d11ca494ee739b,0,0,0
db8d7c22a6764639ab807ec3dec69a8b,0,0,0
aafdab8f21be40d8bb49f717aeff4d21,0,0,0
a7843f11f41a475792035f544feafaa8,0,0,0
2fdd7ac33e4e4e5ab38353ba6ab6cc7d,0,0,0
041c71a6b7364371892021424389107a,0,0,0
48197e3233eb443e8f25733e323b8ea4,0,0,0
fea379edc55640b6863f138b527f33c7,0,0,0
6127ee658ce64bf48765bf59bbead503,0,0,0
751ffe3f5566426b8bff4877848e3161,0,0,0
1756d4f77c2b4892bc23d3b352b11f91,0,0,0
55e4436f528c4bf09e4550079c572f7b,0,0,0
c629c7f1cf6f47a78c45a8ae9ff82247,0,0,0
3731cd0ad6784067a5a3819f071d7878,0,0,0
8fcfcd2540414736b7d56cf70c62ecf9,0,0,0
883d1b6540764d2f989271cf0ca56167,0,0,0
23f11ca018144f2ab23fe61a59cdf150,0,0,0
26a18163fdae4d27901005b3cc3f721c,0,0,0
9ca360c4a6f843969c8c1845beb7e4e3,0,0,0
653607f8da534a44b23e59d28b7db059,0,0,0
0e84cf4dec784bc28b78a80bee35c550,0,0,0
d8adc2f7c35c49a08c23a68304ec631d,0,0,0
00787a5ce0ba411b8896e32803ee049e,0,0,0
24e8ebf554d742069e81afd7eb3369c7,0,0,0
43ac37dfa1db4a13a8a9df4e454eb016,0,0,0
bc0883de358b4e48bcbaea14329968d8,0,0,0
