d260eaeca5694719868f318ab468be27,0,0,0
daa0aa844488426a9174a7051698a417,0,0,0
ce911e4041d24673bc7e5d80dd645630,0,0,0
03d493822ac64466ba416f084a9d3bb9,0,0,0
87870f8cba81492b8ef631196a2f6560,0,0,0
4534a8c9651e4ce891970e43e2724dfe,0,0,0
cb5f8c9a4a84477f99637276f00cfb2b,0,0,0
5f2a3396b86045d5bc7f283d1e48d8fd,0,0,0
6488e19b0c5249eabb792c2bbebf8137,0,0,0
1611d119a70b46869c6e12117aa71972,0,0,0
121a837c700045e8bd73592a5edf1aee,0,0,0
a39bc73eb9f64cbaabfca03100692305,0,0,0
c50575c567e74abfbf95cdd50f71122d,0,0,0
063eee6149194f3abc6f297e290068fa,0,0,0
544ccad03803403c97721228e7cc9669,0,0,0
434eafc01e8e4a32beeeddba478776bf,0,0,0
2ad491d5db914f9689bfec52a694dd18,0,0,0
6b06f294636f4fcd9bddeb75cda61c6d,0,0,0
deb943d89d2a44ce8850edec3c7308f9,0,0,0
aa3049db9ce543e0bb9456793ad1ea2e,0,0,0
9777c924f783428ca832493cef2b5259,0,0,0
171278a4cf64429d9ab2df21adcc60d8,0,0,0
8e489f8b8bc5448b9410a41faa216021,0,0,0
5fb68178835247328ebd444ea4207d64,0,0,0
255f67f42d6447d0996f35abb4a445a9,0,0,0
a31586a01b5947c89f02d9fa852b0d97,0,0,0
854ce53825a347bba52684d20cca190b,0,0,0
3a5f7c6c250e4d56b96ff967489de836,0,0,0
2f366c82ffe246d9a3cc6d8bcca862d4,0,0,0
dbfc751a205b487382c667588623d464,0,0,0
2e1d19c78bc74e1cb4a13927c3050e14,0,0,0
67311627c82b40ddabd0ceaa33c6eff6,0,0,0
4122ef1b23ca44b78c7cb26fa1c6a645,0,0,0
ed5878df5c86400499d7651eab1c4a35,0,0,0
c8225c23e023472188041a93756df582,0,0,0
e26e187d102947e0a9a9bb050563e28d,0,0,0
f530764ebfa140c7ad68d1cae7e3f8d9,0,0,0
ea57049411f1475f9279bb323dc1f999,0,0,0
97199ffe16bc45d0acb64341501e467e,0,0,0
b3fdc3c598324cc5bbaf8c704c03a8bf,0,0,0
44d33d6e1d08491bbbbefbbdf4153521,0,0,0
7a87d776b160483a95fc4f7cdffe0432,0,0,0
6693377c80b04bb994dd3b7a26cd75ee,0,0,0
c835bc9904a846ce88571c2ee3557af0,0,0,0
63ac2b2ef1e0457385976d17655da263,0,0,0
63b2f39fcc844216ada0b28c0873ae61,0,0,0
2b35c215fb1047739393cefd64a76404,0,0,0
dcb7e1f526b646819aa4a485171958a7,0,0,0
c27a960b3a214265bf19688bbf7b5f4f,0,0,0
7b7943b56b9a4febae48c82f6e3f507d,0,0,0
21b70fb62de1453295b57dcba54c8310,0,0,0
462cd36ba0ff43b7af69994cc7e2384f,0,0,0
a369445bc9e0429a868d5dc11e365f05,0,0,0
35e62dc086ba4cd598a30fd3ec926a18,0,0,0
1ea622f651a34cfda5cdccf90117aaeb,0,0,0
477dbfb712f242958420a83d490a70ed,0,0,0
14c540221298447da11bf71477d7fbf1,0,0,0
fe3bfd1d61ec4682991ac250f0791ae1,0,0,0
c0a8647aead54f7295512181bac0440e,0,0,0
e3676c851d0f434e9bbf6911f7a676fb,0,0,0
ce74442bd2174d5b9c306bd0867182c5,0,0,0
a3e731b8c53346cbad60c56777279606,0,0,0
bb55c5f20f784105bae11a40f33cf7d9,0,0,0
5fb26cecda204c40ae520fbda21ce82e,0,0,0
89fc715c56814d59aaf7eaa522fe199a,0,0,0
5e54afb639e8489282ebf3ac01821cc7,0,0,0
e08f96be3042438dbcbead0207f8b016,0,0,0
b1a000ca566e4e9d8e1de00b543dd850,0,0,0
37f62db110c94798b2eec3c180d2fa39,0,0,0
9bae0dba6a3e43f5ab4bbbac80396fc3,0,0,0
ec5c91f9eea342c4b87f5cfd403dcefb,0,0,0
cde4845dbdcd439b988ffa3ab38262d1,0,0,0
ee62dcd77a3446028da94a7b93a2afe7,0,0,0
519361a56931443a911fb7154a28f424,0,0,0
72dc0c6d62414bbaa9fe67ecfe6305e3,0,0,0
4c8ae1df2cfe4379aba1fcd305221c4c,0,0,0
a595e80625ce4c808cf713581ce1c0da,0,0,0
a66ff11e61dd489994fba110d257025e,0,0,0
9baaef79e7484c8e9929f78df52fc3df,0,0,0
f40bd40958c84aff92ba792033933f3d,0,0,0
8067c649a55045d79e0ef8908e174b14,0,0,0
e97286e63fe5440cacae35cedd06dfbf,0,0,0
a9db6e3e630f4490b8aaedc387b3adad,0,0,0
efa871d1f98546fe83ed813873e24643,0,0,0
ff643dfda6de401081f3081139c74843,0,0,0
95402f398bab4d1f83c68015eccd5cc8,0,0,0
122154d283494710ae5e592fc99bf8e1,0,0,0
9133410d4c6749c8a274e184c2c4946c,0,0,0
1f6913d742e04627b35d285907b0c41c,0,0,0
3875b9ad36924b869985fed0412bc926,0,0,0
0db658dc49514ca18be7b44ceb363849,0,0,0
