1576d62e7bbb45e8a5ef9e7bb37b1839,0,0,0
4d574a196c884caa93b2da69dd36f201,0,0,0
22c29c9d052f4439a66194f3f8d8a6e1,0,0,0
36ab9254a358420881b436d5fe34281b,0,0,0
5c4627e7805347bc8c09ba17aa248696,0,0,0
1430dc4987e248a7a9ec03ca89714127,0,0,0
ca23f08d5698489da6a12607ebccecfc,0,0,0
51b17bc333674eb48d81ea7624118783,0,0,0
16bd2ace3edc47449caca63e656bce1b,0,0,0
dfb3e7ca0659455a93ee8493df3f8784,0,0,0
43efd9c14e7f4d7e9c59c125d89fe88c,0,0,0
beaaf39947ee40f7822ed8a383bf6472,0,0,0
44055efcd82c49daae1cb67e4fc79ebe,0,0,0
dea81734bad44c9389a908251f9b70d0,0,0,0
564d5acc720b441db2785388ecb452e5,0,0,0
db030fc1dcc6424aa5e397d3523dafd3,0,0,0
117882af73b1418caa85193cbd40b930,0,0,0
6683adca11334414925158c4d21105b1,0,0,0
2287f7e926a7402a8723eaf0db683d09,0,0,0
1e6190c84052401d8a2435eed54b82aa,0,0,0
3c05cbcf2b30493592c04628faa3a0d7,0,0,0
f8f72f32f6594620b17161a621b9c872,0,0,0
b3b697d0fd2d41f29a861e8411c732bd,0,0,0
09f015ea8ca94df8841bcea7030bca99,0,0,0
06d28e95541746838c132c796ece97a3,0,0,0
b46b1193e47449ffb1e6977555cb7222,0,0,0
3a24d35a28604e7392f6f7d36e73922c,0,0,0
afd7d720b2f942a88f24b9d2e24a9581,0,0,0
85849923dc9e46eda0168f62c0fb43f3,0,0,0
dc00a03cb9f847fea498d765a31ec2b8,0,0,0
6cff8d4e873a4dbc8db352872e706bb8,0,0,0
092882e07ed14b5c94025aacb5469dc9,0,0,0
d61b99f8f134414085b3d2b6f46fee37,0,0,0
9b9a964d89cf4b29b5f3bbfb4329ff65,0,0,0
b6beaaff9e014de8b04eb79045739b49,0,0,0
a102630f0cb84c32abc75f27b7712424,0,0,0
28a8a22473e342f7be7ed0f33e4272e3,0,0,0
fa30e6859ca249a78879975b0b659bfb,0,0,0
42135c66aa4d464aa8a91630c187ed99,0,0,0
07e011fca68e4d6bbda2c6083c8a134c,0,0,0
0eefd4bea0874786ab4946ca120bff73,0,0,0
4b82c138b8b743479d535513aabfabf4,0,0,0
36495e0d819442c4a0666597566b3fa2,0,0,0
ef12b1ecc3be4693b327e30468697a9b,0,0,0
e5b8baa3c6474af1a2bc739d92c480e5,0,0,0
75e8fbb7bb864c19bf8672b303c5b6a7,0,0,0
b14d29bea4b547d5923b3a09323b443d,0,0,0
e52749304010410ba3a1e058fe627b6d,0,0,0
59bb2a23ea8547ee9a9d05cb436a621b,0,0,0
009a121be20f46a6a41981c3974ab276,0,0,0
75977e173324437fb629312726569895,0,0,0
a4457a8d962f4a93b82214b4ad5ef9ef,0,0,0
1a5d5a4463014eeaa8f2db66650f6940,0,0,0
fb1eef3a8c1b457985484ed1208a2f5f,0,0,0
626113d6eaf440339ca6e2a61782b2dd,0,0,0
c50c867a5b57496cb6c6650edd9f0b62,0,0,0
9490f85349c3481eb7a43e7d5eda5451,0,0,0
45f892a4837c49028f47cb6a341f65df,0,0,0
90f5e6e359b949fdaabf8ac3ee50a82d,0,0,0
dd500133846248c1b24eea995d7dee4a,0,0,0
2296da968e464b8db6e6bdba81fbe274,0,0,0
3c286cf678234163b7cb2ab3785fc498,0,0,0
9ddd0d8326b44a038d3985d96ffbb2a1,0,0,0
7e23cbe5e28047d49ab4641f530c9f00,0,0,0
591d3c367a09478b8a863f17635749e4,0,0,0
c2b53ec055544828bb80579ec1f4d105,0,0,0
e8a34a4b401249a589ed3b571839366e,0,0,0
ac56847024014b05bcc718f73ccde0b2,0,0,0
15b25adcf9bb4a0f8c751138a651dd8b,0,0,0
bead484602044dd9b9f855148864ee99,0,0,0
f868b98ee5334981a93aa1d3c8441f52,0,0,0
af23bd7af9a14d7494fdd8733cb7fa5e,0,0,0
32cd64f9c7d74e7185517bca189a00b4,0,0,0
90440703eace49f3b867750beca05a25,0,0,0
a26c4e73940a44c89caa6788fcf4ca97,0,0,0
ab0f99b210bb4556b7fc18190126480b,0,0,0
d375a9c7bc4748a2b36ee572d56aa9e2,0,0,0
4dcbaaa91e0645c180fce1bd8f72d7f7,0,0,0
0836acc78091475dbba186b98e05792a,0,0,0
f7dfad43a3a6462cb96145242bd8bdd0,0,0,0
efcb9e4c410841ca8665f6cab94e943b,0,0,0
7bbddf0c8df249a3b8a6da60b1b7fd57,0,0,0
f9ea869fc8a04b05bef902bed791696d,0,0,0
bf218ea3168f4a7e9ab0385613d2ed19,0,0,0
959878d8792948b5888684622f4eca36,0,0,0
0896e14268a54c1faa6a5648eb8eb63b,0,0,0
22916ceaf05b46a6bc0b961d80782da8,0,0,0
e057d1f9d9ba42948fc848930f235276,0,0,0
0fc2263dc29f4a9183320eddd33edb58,0,0,0
b95ef00660ea4ea89162e31370ba6558,0,0,0
875adc5ab7fc4b4b84ca877ae871d3a3,0,0,0
f64f236a92db4eb981cf6af366d900c4,0,0,0
a42b032ed6144de99fb2fd18d74750f7,0,0,0
e538501778d5481f80d3557b1571f33f,0,0,0
e47436300f4f4b90a2415ea87eee0903,0,0,0
26964f2a05a344ffaa88b46e2040155f,0,0,0
f461fdc9b5c54386bcb1350bf4072015,0,0,0
b70cb517baa54649b2c788c63c9db911,0,0,0
c9030e71fc29447599a5c21d90261ca5,0,0,0
be5b6e7ec1654cf5bef5d348f9601697,0,0,0
1c0715389b644f578961d420672e3613,0,0,0
ad590941e4f14f15968f0ee824bb08c4,0,0,0
