a515a42b3cfa4005affc8b3f14d8ca2d,0,0,0
f17bd928d5c84ebbb4d2d8806682f4af,0,0,0
0acbbb92572f437faef8da9b991412f6,0,0,0
27a601b205344b9dbe17e9f7afb07c87,0,0,0
1e3222b860eb47c8b1bd1f019048fb91,0,0,0
54d59c787b554a43b81d97b66e6a948a,0,0,0
b58031fab9244fdd8998f0be649e7412,0,0,0
5e765f9908c4435eb55aca0a32e5a301,0,0,0
487e9d35931c49a2adc1f168df243f9d,0,0,0
41873d3929e64a9a938a5fac3b6bbd79,0,0,0
bdb1023cb7cc4ebd8245b9291fcbc1a2,0,0,0
f22bdc2338724ca89bfe778653296572,0,0,0
4f1ecaca2cc744b0beb75e146bc8ecc7,0,0,0
de655166da274d40841f1e5e488ab641,0,0,0
fa22eae3a3bd4af98424def01751d2f6,0,0,0
e5c88ad5db1a4b3a977455b0c161d792,0,0,0
969a8a2627f64485974d8c9cec4d79de,0,0,0
eb4bbb7027ad40b28d7f8ddd303b4c4f,0,0,0
11d09ac7978b4086b4f343aeb01dedb9,0,0,0
433618861e98489688518e3502271e5c,0,0,0
4531a8cd59c7423e8f938bcd905f7b62,0,0,0
013d8ca6e6254d788b226f92b2954f6c,0,0,0
77679843cce24742bedff8da3f6bf210,0,0,0
150763c717894adc8ccbbbe640fa67ef,0,0,0
8bc03fde666a466893e069325db4a807,0,0,0
c20f8e6497d14696b2cecf24ed288470,0,0,0
5833cb997ad24b44ae2190799a16589e,0,0,0
d6eb5e0d9fad4df5a2ec9b04606e8053,0,0,0
8fa76b6137ef4d16b55906f341e7f931,0,0,0
752e76de2bb04821800ca7a121888171,0,0,0
c407e34577aa4724b7e5d447a5d859d1,0,0,0
35f335cfd9864b11a1c9584e778a9454,0,0,0
17a4102f8d13437087e4617b53d86ece,0,0,0
0f8bcd34032f4906b530b3979a9be63b,0,0,0
c2341726267a4f31bff80ac3843462d3,0,0,0
62994d72dab246fbb839f3699b9cacd6,0,0,0
c3cef9dfbba149ecbf67c4375b52a733,0,0,0
a1bf31690a8141f5984e12ddfbf3c742,0,0,0
caa2ac2476b04534a2e738ab44825493,0,0,0
7f21726e1efe494592c3278ce33cd622,0,0,0
aec041555da74f3783f941d4e2e24244,0,0,0
38ad5b94f1f64668a5c2040a541e5ae9,0,0,0
a85bf887101b49c3aee8b0da72cd4189,0,0,0
82a54d79ddcb4f32b3683acb61c803e6,0,0,0
8d58f96e32a44ff484b28fb03100a468,0,0,0
553e55f7f13d49f39d9627d3d282ebfb,0,0,0
50e0cf4daca44c7a9e2a6f6475650ca3,0,0,0
dd589ab3ca1f4bc29638e758f49b1cd9,0,0,0
13e2611f096647158384c2186def62cf,0,0,0
61aa57f78ebf40dd9bc04e27b1a4c80f,0,0,0
01f7712fa2584484b247c225dbdbc4df,0,0,0
267a7e2459054db7952fc1e3e45e98fa,0,0,0
f00c8b89577e4b83b2f586b9dc30ff81,0,0,0
595344b8d6a7471691be526b8b9d685f,0,0,0
bec7a60657d6483996aa2f0d03b9d691,0,0,0
1e569e030be24ccf8e8f6ccb42007846,0,0,0
3772d953cd264ebb9ff730bde0bf842c,0,0,0
dfa2911542f5487681e50e6fa1d42f87,0,0,0
1c7bbe372fcf48beb113ee844b3ae43f,0,0,0
b6169d6b759547769509b4d781a8bff6,0,0,0
223b4ced68cd4688b6612a2795409490,0,0,0
50c3277c576c4ce6812c9fca401e664c,0,0,0
3d28c5c132ef42808a356be915ede15a,0,0,0
bc152882e34d4957812a74f7831a5d9a,0,0,0
019eb9153bc6402fb99b1dcfa8bcf303,0,0,0
35813823d1c6454f898ef3317c59ac18,0,0,0
becb0bc0a0064764a0663a00f2e86fe2,0,0,0
69dc547801584e1a9aa129ff36289f52,0,0,0
29a1f267ef234fc6ac2e2554351c2620,0,0,0
88f5ba9d06ac4413b1a3908af6544308,0,0,0
a65e1f2b0bc0484581a35f0550596dc3,0,0,0
af0e822700cd423db96624edaedbdfd4,0,0,0
74a825e3f3874a6f9141b2276038264c,0,0,0
8d6772b59ad247debb77bf51b0ae00cb,0,0,0
80befc44c6d14348a3f9bda8ba719d70,0,0,0
81e8040e03274d628f9260344e81072c,0,0,0
d232647532194cbba9439b465392c15f,0,0,0
78320616d9c54b66bccceaf17ace30cf,0,0,0
8b8826f9fea941f4b50dbb1dd5a84e92,0,0,0
e57db85f00a9481787bd9c3c98453f27,0,0,0
36850ec59fa2464da6fd654e36ff8b25,0,0,0
5677b9777c454ec8861523de02346fe0,0,0,0
bbc16ef350dc464b99a0db753b325b0a,0,0,0
ccfdfc7612ee4530887682d5e9c8e279,0,0,0
7a489c31ceb14eca8783e4f1d8dc1c41,0,0,0
17a644c02d69447a958221f92f38be41,0,0,0
61c5f348dc854631b9754d81d414d7e9,0,0,0
4965e013fbc74710b1644ef28296227b,0,0,0
cf08c124b70945e6bb627cf49763036b,0,0,0
2804f2c86f4847c6a10aff55243040b7,0,0,0
04d95f363e6641e3bf22a2f807955427,0,0,0
d3a672591d4246c598abf0c6d585e178,0,0,0
3545fab034fd4ba8a334f31d6595177a,0,0,0
d6528b757c554836b2dfaa811e5df3ed,0,0,0
97d70305699843379378131e6ebc68ea,0,0,0
e67bde5935014ac7aa9ea285ddc0a2cf,0,0,0
0a796daf5b734fbbb52974e2349a6c0e,0,0,0
69cbdf9fd3b64552b57887b813845cfa,0,0,0
ecd87bf5f6c94ce7b4dfc4c9dbab47a3,0,0,0
f7ffe000cead4fbeb5dfea758965eeea,0,0,0
d586abb2e9ad4026b3e98796263364b5,0,0,0
58a3dfc91650493d833577f818fccd37,0,0,0
3e977d0fe3aa4a44a944c8cba32a4e68,0,0,0
26b5f286144c4f609b533e352f37db6c,0,0,0
a516beefab4e4a1abeb2165c39c59258,0,0,0
6a15f715d61843b2a84845d392ec0b72,0,0,0
3795d6eb668b4d8bb96961a0773b7dc5,0,0,0
eb2c8a7d6d044e9e9d2326cbe48e437f,0,0,0
77a6b37bf22f49afae1a9d30d736a00b,0,0,0
091c189689a74ae3908ba76361e0cae0,0,0,0
6249652893364b62b1c30df6c6516a71,0,0,0
1e05b7a24e664d3f98f3498d911bc48a,0,0,0
e6dda34693584c21b33bf327b2539740,0,0,0
be3d7ae0352d481191e4c9e351e71b08,0,0,0
a0bdcd8aaee84758b909335ef15eef7b,0,0,0
024edcc6db70425aaa54f5596b0ebda8,0,0,0
d3020d8bf0cb45fd881991cd53e38baf,0,0,0
35aade4482c04c1385cbb19c25bd1d7e,0,0,0
a6ba3f53b7964464b23341896d3c75fa,0,0,0
9f68b19f50d14f5d8371447f73c3a2e3,0,0,0
79a8fc21a50f44eea6b47b77771f6d6a,0,0,0
61f32c1f39134c62b781407fcfcdb0a2,0,0,0
b411496c1f7b403981f0c2f24995309c,0,0,0
124c7635126f4fefaf3c57742dbe1193,0,0,0
3f90fa45a13a4a8e8b071f30f5ade3be,0,0,0
59b190857cfe47f691bf0d866f1e5aeb,0,0,0
ea9fbce2e4ed4c25b4092113481536cf,0,0,0
413903c083d64f2696539cf9f181894e,0,0,0
8928b554a7004ef9855170e584781f31,0,0,0
e2b769bf54424aadafe4be1ecd0d7776,0,0,0
aaa8773c86214e9990d4c3ede3223499,0,0,0
