61cac35d27254f8b8edba9601c4f8b5f,0,0,0
673ae67937804c42b3c22e93efb5d069,0,0,0
5b821a3b87cd4ed3a7c4414199a0a740,0,0,0
584c7c4b1e5a4b2aa4f6c0457d8336e8,0,0,0
4545f7a0d918401ebccdb6716a5f1fce,0,0,0
1e597325e01d4a9aa332e92abc455414,0,0,0
6a10ae81330345f794a55f2d96a86ea6,0,0,0
d97dee547dac432094720d127b49b347,0,0,0
8f25ebb1c23d4fddb035eb336426d5fa,0,0,0
1f7f69e3874c48b8b9caf0548240603f,0,0,0
2ea5348654d24115bba3dcdb21fa655e,0,0,0
32fb55017460457cbe0b8d1790a54786,0,0,0
8388153c198e4e4fb75cd8d0fd96d8a2,0,0,0
6a876090f6f34eb59bc03a68df7137b5,0,0,0
674b3b6705604a4c8b89182edee11e54,0,0,0
53d4ad8fb39a4cd8bc03b9d585698a93,0,0,0
8b8c58d65b3049ef8a844f237096b06d,0,0,0
f53ff13e8a954c67bda9a46f3e2e88b8,0,0,0
4bb7642a8af44f97acb81190589a3451,0,0,0
5c3c7dfad2b3409182ecaf5535107dc5,0,0,0
3532b1e7ea1646848b710936d4696a5d,0,0,0
5635036d3bfb483eac283af7bb5ac986,0,0,0
f1b5f89d2b0a46449f374351c1579c80,0,0,0
8f5a767771964a56b3708d5415c446b2,0,0,0
45af7750dab04ee9931d8c9a1ce9ee7d,0,0,0
addb4d69f82243fb9a38c4d615651ba7,0,0,0
9001b330086e4aa69799729560e6dca0,0,0,0
1b472070dcd9483dabbd29c40be14276,0,0,0
cdafd704291841daaa57ce008a95a06a,0,0,0
dfa246b0d1fe4f08953b20151cf951c3,0,0,0
84928b00abef4a8489bcaa2ce410d1e5,0,0,0
743e6d37beae4b6482a43ae41e634e67,0,0,0
ed7387d968874f4bbe512395b64405af,0,0,0
080a334ceb144054b12c4ed7847b8f71,0,0,0
7cae5e5f8adf444d829c95b4a4412ffd,0,0,0
5f4fd3bd58144211a8617caa5570e40c,0,0,0
947f02de64db4ccbbe220a9f9124a815,0,0,0
34a370fe2d1840e196a491db1e995e16,0,0,0
b8e48c0381644e26bee60d15b8afb47e,0,0,0
625eb179629b45f280c01d3f6ec74b4f,0,0,0
dc9eb48ee3324792889cc391d6d4098c,0,0,0
370411a65c3d4dc8bd475805ad0f4195,0,0,0
d0a013ec97674abc8fd7657ea7844221,0,0,0
1d8256878b534440b5ba54b31bfb210b,0,0,0
71472b1d6fbf4d6192ed9917bff8dba7,0,0,0
e5f8d864ab7545d3bae0e56a527041ec,0,0,0
d339130a5534437da266a71435143314,0,0,0
d73741360a1341a5b6bd420c11b70105,0,0,0
8b55e4f095374cfe8ddb0fda0f0dfa02,0,0,0
dbcf0a37c275473094e1160770291679,0,0,0
e5bdf109ceb745f1bf4d66447afa02da,0,0,0
39b5e84bdb7e43159a90345cf2d92d77,0,0,0
81df67c58e324caca152f29eb64f6993,0,0,0
46631317e8684d3f98f0b9c7d3c51417,0,0,0
322a5d3bbca1428fb92d39bfc6e603ee,0,0,0
0d869621d664448497fe76df6d978b44,0,0,0
eba5ca774e2a41dfa6e22fbff7fe66d2,0,0,0
5a89e430e6fb471189468fb44bbea75c,0,0,0
8b219cad487e4091b7c29146f0224729,0,0,0
4e1ad142e5844d21a376040600184d9a,0,0,0
0cd0dd452a324496afd701e1c4b2e973,0,0,0
723a213fbaa847f2a44feac9246fd7b1,0,0,0
19c6928f8cc64d7aa2d18a48e3b4ee21,0,0,0
151812f86ba842afac3c1778a479610d,0,0,0
d3ccd0cf1696423694339822a7eb52b0,0,0,0
50629d10507840cba1ff155045d3f76b,0,0,0
3c5c466d4f64452a9e87c545d918c4eb,0,0,0
d804a36fe0fc40dfb8f03ca3758ce904,0,0,0
ed36c0b595de42f0a4e13ba5d332814a,0,0,0
58550e7b86724a80a38b78e1ea62af7b,0,0,0
fea7a9db41944d76b258036b046d13aa,0,0,0
e0c61a2e0f9244cd8534e9ed8be96322,0,0,0
2754e6a14cea44e9acbd495a1da9cf5d,0,0,0
3c496aedd9d645a5b8d7a7b1b53f0636,0,0,0
eb3364f96bed4877b27ce5e0cfa32702,0,0,0
65683a5cc3564769947019eb7e63ef0d,0,0,0
52f778d6d86945b5b1fa5e9d763329f2,0,0,0
b3c99ac15d9546cd9d58a45647f63934,0,0,0
1e9bcf7676d44f2691efdeadc0d88d76,0,0,0
cad74e94fdeb425a860ae16cc0fdd45a,0,0,0
c0baa7759b714fa794ca1fabbd96a96b,0,0,0
12bce16a8b8e424bba0742b82a46352b,0,0,0
374e664207754a3b95a7d8010e122296,0,0,0
f3dd1c323fde4f6fa5056433cdd92fa7,0,0,0
27869fb0e3414f2687b9580b335ec615,0,0,0
d8b7a6a6205f4e72b6ce4bd31d296660,0,0,0
5b7f2cd508224cf494408c67bb305815,0,0,0
2c449dc925de472ca31124feca25a01a,0,0,0
2dea9de9cf5742398b17c3d6208bb56a,0,0,0
6561b21dac894dfca3473db3037dbfad,0,0,0
bfd18e7fa8894c26a00f0cad55b31f76,0,0,0
db59566f6465453d88a27b5bcb19b096,0,0,0
dcced7b92f444b9a83bd7d54413fa486,0,0,0
dd6ae3e4669546a4a7fd78186723d12f,0,0,0
dde66ea80aca47968d3ec9c6e6ef3c0a,0,0,0
bd9faec23bb3462c94a5fbc6c0a3d5cf,0,0,0
53d54b73e58940019b731673e65c1902,0,0,0
0c2a97f049db4a429776940850fedf2e,0,0,0
90ec6d25cc584b50ad6c56ec683eeb6b,0,0,0
6fbfaa4207454c288739caceb9512fb5,0,0,0
a844e7823fe4425f96a265b8fc557cb7,0,0,0
0cb5fac1789e42d5a99cc87f4ef8cb35,0,0,0
5d82955e203d447a901929bc53deefd0,0,0,0
181c56d99ddd42ba8d4be09dbb135381,0,0,0
c4fc538718cc4918884d2040ce523a5f,0,0,0
a3aef3290dd544e7bc7d60c9015b031a,0,0,0
e5e6c99e38014827b50ad33cd22e3c9d,0,0,0
b14dbfea048449aa8b8934cbf491a10a,0,0,0
53672af2c15047818f2ead24a2370930,0,0,0
0bcfce0d81294b7e84a7eed52cb04a4e,0,0,0
