4ab11dce32f346b2becac29e0ac6e526,0,0,0
57023832c83c47b7ac3208726450e570,0,0,0
8348b4b5fbd94e4eb02ec8660fe408e0,0,0,0
aacea33cd1f04b4786268a9c9f07a454,0,0,0
9fa3ade1094c4961b0eeb97c3482f80a,0,0,0
2b3fb4746d414cc6a31729b222ed79b2,0,0,0
d8eb13e1d7714676b2d37cb110ceba32,0,0,0
084c52de7b5a4133a3887214b4bae12b,0,0,0
e72c11ba06c34b2ca2dc8038236ce271,0,0,0
be1f9bddd03847cf964f3b9598c8e5d3,0,0,0
e6f987036b9447018ea9587db224edd2,0,0,0
26b2e92ccd314a2da1a4fc8dfc6e6f56,0,0,0
18aadb04625d4496879579b5c0ca4d7f,0,0,0
30f3ce4575234a7ba5ff97797f059ae1,0,0,0
a1566a78556e44c08708e5d47e7939ff,0,0,0
9136c9c351cd4e4a8091054b693b0ca7,0,0,0
882f2a028ad249d49fdaabc1ddae789d,0,0,0
3d00ff16bea14f95acec72a5d09b01ce,0,0,0
e6ed009322974b1d89c053c04c0849fa,0,0,0
bed603cda3ab48e2b09a8c78fc082716,0,0,0
5be76baf1a5b4dcbbbc64852dbb130fb,0,0,0
05c99a0c0828453fb460132398d1f66a,0,0,0
e1387ddde064499ba5bdf04405741703,0,0,0
5f0de4351fa34768ae521209a6e2e7e0,0,0,0
1014452162e4495688f3cdf1c63f384e,0,0,0
80dafae81ced47d8a8071f333140d0ba,0,0,0
64ea2c01d6184c35a9575a3e585a9b75,0,0,0
0d1904b9dd4e4f929c2f25eed2f0a16c,0,0,0
9cb726b170554b9bacd039d4db246040,0,0,0
48447297e8444171a5db34ccf38bc229,0,0,0
44ecc6d7ddb2409b9835f502b87ce6c6,0,0,0
eeda21530aa740af9166f3195900ac6f,0,0,0
7acd3d3a7bee44a8ad04d460509b994e,0,0,0
96960ce9646a41e4bc183d75327fe1c1,0,0,0
355f0c7f61444f40b5918ae7ab2de13b,0,0,0
700c8b94ab594ac1910e650da9f93c18,0,0,0
559e923d612748dd8dce2557c3b4b675,0,0,0
acb224864be94a6199509d1f90889f75,0,0,0
dc3132de555b4a7b9c42b97b7cfed425,0,0,0
c72a874893274932a833cfdeca4b3afe,0,0,0
1c09affd6efc4ace9b6d4ffc1f0be875,0,0,0
74fa14159f9e4b33abfe3feff0505cbd,0,0,0
c93bf298b1cb41a1b368a6ce8bcff53d,0,0,0
9de98503fd994452b627cdcc7a7d47b2,0,0,0
2c3e210ba6a64333b4d0a9fa8d5d7261,0,0,0
3ab7d8c34f9c4304b77f4e168b6f783e,0,0,0
1d96a0a27c5a48aa9bd276dc7fe34d9b,0,0,0
b26ae45c6c12443cbcfc3997f2e63347,0,0,0
fc84c67a0ffd49cf8ffdc32df703bc86,0,0,0
87caf6a9e7ca48f6b95e2c9eb684699d,0,0,0
496877bd68eb4754999d3d0cba378581,0,0,0
2f8c1f8ea7364f67b1c5fe2be2750257,0,0,0
f8dbab048e9448748450e11804dad375,0,0,0
08e2145b15fc4d2497c084af41dc7089,0,0,0
fd935800daf240949c7a954dc9f13406,0,0,0
6f3e45816afb49c6b680ed22e1af6190,0,0,0
6032495310f047d3a08a98166a204b6a,0,0,0
e3face7b2196414d95ed97151aa13058,0,0,0
2997acbda6104e78a85684e55ac2ad8b,0,0,0
6f4d197078d14d6e944ed6533598a6f9,0,0,0
6440d94be92546fdab587df78fbea28b,0,0,0
dfcea4b0ac534ce4a89619684e938cce,0,0,0
a5cc177ebb56438cabcb20649cfe9bd2,0,0,0
ba116ef8a4774259aa94dafe327d0ff0,0,0,0
6cee02a34c0545a7acfcdb35ad50530a,0,0,0
e3a33da5e5334b3fbc96997fc9c269dd,0,0,0
fd595c1c249f4740a3f9c2047955c203,0,0,0
e833e1a19c3243f3b471fb76f5cb3484,0,0,0
49d9828aa6884d37ab23fea0b08bbb6c,0,0,0
d0a321b2d50548da9791df25f0d55ae8,0,0,0
4642492bb42d40debb1a3bad0ea7a24f,0,0,0
6589ad7a5a0444b59adbf501c0f0fe53,0,0,0
27b1c36f02d64677a48870466189e976,0,0,0
2b7fae9568a1487ea0cbebef9ddf38fe,0,0,0
a93ea1ea5702412c9ef9c82a436c4599,0,0,0
afbbc53ddeec4594aa548d3a81e84d8b,0,0,0
67429c0368af46509d43ac43dcb904e6,0,0,0
d5a27dd0cfcc4316a07c7263b5373a04,0,0,0
92c3c4bebba744a0b12a2fb6bf74f151,0,0,0
d3fd83839e9c42c1af459a04c4f092bc,0,0,0
c022bef601804d9c99198df5c7b877a0,0,0,0
0bcfa259c73142ef9d47652dbca1f138,0,0,0
19e4188fa39244378481dcdb18c42dbe,0,0,0
a6aff73d2f7a4b7796d8476a1311b614,0,0,0
914462716131459ca90baf6069c298d3,0,0,0
e650c19e3eb34cc0b98374e5a23d1f65,0,0,0
66ecc07f3cda4d8ebaf84288325669f5,0,0,0
7f3d13c51298441a948744b761a8b380,0,0,0
361c8bd512dd40b7b74befabfa7a8de0,0,0,0
703d93b8575b4c0ba99c285dea126401,0,0,0
858240c249474a24b753d21b85056f23,0,0,0
e9b4d8e951cb4712b3905c8f4c4dabb5,0,0,0
34e53b1374cf402f9f0ac28f8bc22ad9,0,0,0
b62f97cd4bea44d28d7c6293ea7ae461,0,0,0
7103c1ddfb8e45938741a663a6da010e,0,0,0
0da0d50a60f04d9eb2546255820d0904,0,0,0
35d0f233b9e445b3b400e943875c8d08,0,0,0
f2eeae1a36f14f6cb7b934efd9becb4d,0,0,0
281ee94da7fe45f0a5942caba7d94c81,0,0,0
