27e1974cf8af461e90d0f5124a665654,0,0,0
aff31ea76e864cbfa280a1d82b5e35d8,0,0,0
871d8081c12f4c8585e62515f441d69a,0,0,0
c51b92525949496b94fdde3b4be91ede,0,0,0
ff561930e4314f5c8af26ebaf5bed637,0,0,0
41f833ed92c0489bb85a911668189278,0,0,0
d20808518c8d4844bb76a2e0a7b98ba4,0,0,0
21e7d627b7b34355a52f3c88cb2ad446,0,0,0
91c5afdf381d439380d3ca8d6eb27b03,0,0,0
81309402fcf041df881e7aca01b8b4f2,0,0,0
7d7ba5af47c84c30850af05e203342e5,0,0,0
f9e969d895654fb5b82a1366e0b72762,0,0,0
57bdea1f5113402d9b4a65450e030424,0,0,0
e6ac6b13b27c41b28df5d51a7e26549d,0,0,0
fea557b2ef0e46929f85f0bfd71f9bdc,0,0,0
c3cbc9cde04b4568aad232bf17a0bc1e,0,0,0
a0624e5f721b4283bbf4455ebc882674,0,0,0
0bc53661f71543df85e5499ea85f74c7,0,0,0
5062afb29ed34159a1e05c60e6cf6585,0,0,0
d9d2484fd1b44448b04b6eadf278d9db,0,0,0
fae6e14f539d49e6ae5007da3497e6fa,0,0,0
3a4c65b97ebb4b4fb888a262586c3fa7,0,0,0
6ffda5b4b3394a4c8f79e157a2d3682d,0,0,0
16f04516e33a4423af79b8f7dc46904c,0,0,0
b2157583eedf426383de6e6e9753a4da,0,0,0
3560fdb7b97c462ab565c8946b77ecef,0,0,0
533a4cd1505a486fa8801bb3aa38f2e3,0,0,0
e2de0f25e4f2451c82292a347d3a5f55,0,0,0
bf86bc749f794739a74bac109ec2f4ef,0,0,0
fdf3a24fdd1c41b092aa9e5ede5946d1,0,0,0
6975b20fd2964adcbe00ee81f5afbb2f,0,0,0
37fc3df516b34c7b95d95c9097151ad9,0,0,0
fe2d6243c11d4edb877748f6b6988957,0,0,0
902b0496eeb94742995708a15c69bb26,0,0,0
e80f0f3dbb31423d890e2c2e42759bd1,0,0,0
d2e778a1130d4dbfb60b503a7b528d80,0,0,0
f533db485c9c4a72b7b456bbc6ea5d07,0,0,0
f252cace47cd461c8c2277dfb9aaf9c5,0,0,0
1e61d22315c945378096f3055645d9e1,0,0,0
c657ac66dec0483683d0d6356992b868,0,0,0
0d22d1de9f4d4668b333ac24923d8940,0,0,0
dd4e4342c9d849c6881d1e4ba1b816da,0,0,0
bc280058ef514e16860da03ecb6cdb07,0,0,0
433a39089bf94c7994e39d5e7115cd02,0,0,0
4385dfc7f81c413b86bb06658c1ff5c7,0,0,0
bf92c209d8bb477c992b145b4f3ca1dd,0,0,0
0e45c1af5098415c9bbd3a6ce537c7cb,0,0,0
04cdd02138664b138f281bb5ad8b957f,0,0,0
63ce2067f6dc4caab31f454f4cc5ce42,0,0,0
075307518bc2495498609ee2ff6dd003,0,0,0
4dcc93d2006646e19f9b2748dcb4f860,0,0,0
acc9d5c4eaa8426cb12d58d14e47c6f6,0,0,0
6e136e11116740a6a49af82502f51cee,0,0,0
34d076b898bd4f539d5be04c0bacc57e,0,0,0
5f1b89f0e0f341849fcdab381165cd26,0,0,0
09032e947ac442f3bd01ad3b4f4e1b13,0,0,0
