f2944e0b66b9461994a7f757582f9bc3,0,0,0
357424fc423a4e978fa88a8e4d3bed78,0,0,0
298a2386166a43c8a04e1c24433f7d15,0,0,0
32eb496edc0d4c42a2ab57fff2512a99,0,0,0
de07fa6aafd04c698dbc2dd9cdae9948,0,0,0
a8071e09bd74440bbb7f1580c133f1d6,0,0,0
ddc9afa8e031453abd45c783fbfeb4aa,0,0,0
bd2d16e81707455eacd72cda7eb5d3d5,0,0,0
055056e12afe42578c6f429bc07159d2,0,0,0
d38c4ae95f5b4640a2696b923b80d1f4,0,0,0
3a58ea71c99d400585867170f4ab9edc,0,0,0
7e6cf443a6d640f3a025d6fb921473e4,0,0,0
37f71f4c278d46e0a4a664b3e189ec8e,0,0,0
93789efc38444b4882bdd0dac839f0b1,0,0,0
f0f377d341c34670bcd9d861d903d747,0,0,0
2e45e672ce644ca58fc3a28e926e8987,0,0,0
53ae399ddaee4ffba2d5c078644fc3e6,0,0,0
e06aba507b164056b59e96f1658fe907,0,0,0
8d884794b33d4be29e170655255aa092,0,0,0
031a6316a244425c8c9a7a43ab6de08d,0,0,0
f29d8e21f5144829a6ef8c61b12abe59,0,0,0
34812a1a581b4f6490268057007f2e1a,0,0,0
57aa6e04ceb34e878125793bc9074a44,0,0,0
4b643a114c19427ba3f1f5b2580f6724,0,0,0
35364cd59b214212b111f83416fc7e36,0,0,0
3ba299de6a664924abcfaa9ebd81129f,0,0,0
ebd302b1d19e48f7b91a2f662ca0582c,0,0,0
1ef6db4666b44cfcbf2e0e0d4e3cd53d,0,0,0
e8725e08bc3a496b8d791ca2f3bbeae2,0,0,0
3638da5864ab4d2aa722479d9efa8b71,0,0,0
bcd82ce0da1846a58f9d97b00e022af2,0,0,0
0f32205b6dc844868ad36f0137baa4c9,0,0,0
32afd28db94a42a4bc671b20fabf210c,0,0,0
2eeeec0b1dd74aa090373158d618e2ec,0,0,0
886b3d659bac40eb8462cc1af42c8d87,0,0,0
f3914b4071b7408c843d4d45a7370be2,0,0,0
c2ccfcbf74824095965c81c64f15081e,0,0,0
6268c4082bdf4f029898a13ca335a8a1,0,0,0
452f930d3b20485088ca14b716189512,0,0,0
f339391e9479496e8652c972953f0ce4,0,0,0
b56be2bdbe504602a98ef62a9c8e13e6,0,0,0
792d466288aa45cf88bc71124232b492,0,0,0
16613734e8cc457d913368b1e19ae6d1,0,0,0
9c19aeb19e6e4ad98b2a31cc44b9aa7a,0,0,0
8316e9313299447bb1f574aaf8cbec73,0,0,0
f3748786c3704532abb2358581488f3f,0,0,0
184a9b92b85840d88bf5793da9aa9cba,0,0,0
568c3c7386c349d2a0cf93f89674dc34,0,0,0
efaf68f3964f4cda858a98f265e6feb9,0,0,0
fe7d2c6830bd45f680b43a6a5298d218,0,0,0
cea51f25df7544fdb6c52b24e241aa2a,0,0,0
af419f5089f44c03a2b4c07d2d4eaaa3,0,0,0
b15db460058c41e8aa0c0720344daa30,0,0,0
f2e403f149ae451eb8fc5ab27ec96e9f,0,0,0
bb40f080aad14b40b73e98a428373a9d,0,0,0
d1e6edaed9d0486cbbbbaffef2510395,0,0,0
afc1807e6a1946b79137c1a158526913,0,0,0
91b2405dc77f4ea7941586109ab53e7f,0,0,0
7fd1cd034b8d44cd9b5fd3f1f3de4aa3,0,0,0
5d45547e87c14406bd8785e7cce66162,0,0,0
b04418ba1f3c437f9006e16dfab20c2f,0,0,0
b2cdb1ea2d0c49d7aea08ea59c6183a9,0,0,0
35ff23c384f84395ae6be7ebd4f845ce,0,0,0
e0ce5adf15b747ae9adba4d079ca28cd,0,0,0
0f7b1ab39cb34297b01bc7d7103888ed,0,0,0
9620811a2481419a9076464430eaa77f,0,0,0
1841abbee0e04435a3fbd7db05df30b0,0,0,0
dfae0abd79ac4828a7377e1de64d2cc6,0,0,0
9affa8b685294bf1b15cc7538b035088,0,0,0
3187b9296abe47c68fc0e8bab7edfb36,0,0,0
b17948372ba443a1be7c3164e54a4c2a,0,0,0
aab7b4372e5e477aa0da137168d5680e,0,0,0
a175a4458f874819865d2496ddee330d,0,0,0
58f1fa572d784dceb2b6f33ae2465273,0,0,0
8becb7c5c41248908c8357df767e7f46,0,0,0
51c90ec9afc4495ab3788c6badc303df,0,0,0
f63819c407e64c2897b703080766cb60,0,0,0
cd249742c0a1455aa3a0d3ebaac4ce59,0,0,0
c305c2e9304047b2a87bd1e56ce01b55,0,0,0
ebe3bd3888c543dc9060392e5584244a,0,0,0
a80b69cbef164e11a55f467eafa1d255,0,0,0
47a909e21ba94ce3a681a72afe023b5d,0,0,0
9fed9031c0ea482f914d07abfb59970b,0,0,0
dcbdda428eb846a586886b87d9552d0e,0,0,0
d6f573aa1add4621af53ba492838ff45,0,0,0
a1be4fa0d9c14849a7ce3ca6d286586a,0,0,0
ef1e5ec43cb34b31bd45d942d7ac86e1,0,0,0
50b1e0adbb8f45c7b49d219d285c8f8c,0,0,0
e6a986df157c456ab9389342a18f642c,0,0,0
2f9f9138696447ce8cf3d64be4339a4f,0,0,0
f9476cd1a1624f0a9da157147bf9aec8,0,0,0
7168e3659bcc40de8bfde578bb1fbeb3,0,0,0
78485dd696e24574a37f81dea58c5f4f,0,0,0
12fc603ce4bc4cbd81c704e630f130bd,0,0,0
0f4144bbdb16449e8851b4d26ed68a81,0,0,0
d10e169099264f12b3ec2d1c3639a6fa,0,0,0
24d3a46b7f3845a997e375f08d1c279d,0,0,0
22ddf9e80e974f40b53234b3974c096e,0,0,0
3892d409b66644439f5afcf3d296efbf,0,0,0
4ccc8cf874f541ab80d954839120d955,0,0,0
f523bfbaba0d40f48ff4a8d955c43ac8,0,0,0
1a9b8e0293ba40dcbd23d31757203903,0,0,0
ddbcae25c7b84d26808cf0efac5e10de,0,0,0
756b03eff7944d01b30de29553136fe1,0,0,0
510f11a48a534480a57f7347d08f37d0,0,0,0
a06ac6a5335944fa87c28d2ec1120c7e,0,0,0
948f0480392442e5ab57af15142ec623,0,0,0
c4a8c200eed74f25ae76b881489a2f4e,0,0,0
1931f73f13c74af8a1cd10d5820b742a,0,0,0
9f6b4ff63cb04d92a06d25bc618de1a3,0,0,0
89c6088db5184dd7945ecd1ed3dd812a,0,0,0
3cba21a6fa2243fe8e619d49cfba77e7,0,0,0
17ebd8e343c247dd845f76a586f8cf08,0,0,0
0c171ecf9f6a46828c74e9088cf0c34a,0,0,0
