32567588ba2745e094720d9963fa11f4,0,0,0
f3be6160453848c2a67b02e33ab9f44d,0,0,0
8cbe0645c74748589e3a65bb4c6ac6e6,0,0,0
f8b2670423b84567bfcb673634861647,0,0,0
bc43675a60e348aebc6ed08fcab966f0,0,0,0
9287ccedc2a1449b8d98069893796ce7,0,0,0
87cff1a8b93146819bfae6ca3561b968,0,0,0
793ca25615b5402388639a16a61f49ff,0,0,0
c47ebe08ee5a46bc919e653717fb5cac,0,0,0
6ad2166806a843fe8b71b97b8f59892b,0,0,0
6653d46c77af458dad8243c60bf8ab0d,0,0,0
6ff3be51f7ca4a0a842ce752a5641f9f,0,0,0
1c5df273f7a049d8b32b3c87e5fe97bb,0,0,0
39a197d67c5b41dea32f6e70d74dd88c,0,0,0
389cd887147b4557a07ee8e9cb58833a,0,0,0
7702f3ee1c70458899c05a50b8b1d875,0,0,0
82cde0c186664d388f703d027e310f81,0,0,0
d6c548c12e3248db8565452a436dee55,0,0,0
237cf579b9724e82b11ce6b26544ccf0,0,0,0
7cd287c5d5db4a6f812e1a5236cb63dc,0,0,0
607a1df3700a4c49992e776499203e0f,0,0,0
6c4b1070eaf343258115185091a21ed2,0,0,0
b71c82404a724450bb725f3406109e81,0,0,0
3399415150ee49ffa515aaddb57a5c72,0,0,0
9edeb5c75fb140aaa2dc18c655feadf2,0,0,0
a040c6015bc343d89d5e156fa4c5cde1,0,0,0
ff9f20ef9e8b4a85aedd27912ee05e54,0,0,0
03559d70651f4463a4723bb1cd1f1130,0,0,0
6895048a7d904c2c844aa0c93b80ce5c,0,0,0
80c509ddcfa44453a10f1b9134e6dcee,0,0,0
9bc875be102c409785e84510e100e8cb,0,0,0
ff8b471dbb634c88a81c1806b55673dd,0,0,0
fe945e5c9af94a28bc1575a1c4a71d85,0,0,0
77fe21141fc0440ebf42fab2ef3ffabe,0,0,0
0515b61e017f4a32b6029acbc802c759,0,0,0
3a6a8619f57043b7a9e3335f11f9cac5,0,0,0
9ecb725719384358a22ddb54e33545a8,0,0,0
f9d1ca3010504d76b745d6144318c912,0,0,0
2d60c198cba5466bafbee296183f12cd,0,0,0
2b89c0792ebd409f9dbde95769017faa,0,0,0
abf2a4f981d9424b874127308de3bd05,0,0,0
6c73229eda4e4babab7e704847222dbf,0,0,0
31c5ad1761654315a9ea6cab678de132,0,0,0
94582ecd71c0417ab88ec933184b8b63,0,0,0
ed2415c9e6d24232af438dae3a3e20c5,0,0,0
34f4f7c661e845fa9729246b873874a7,0,0,0
