7bf81bd8601e4bde87ef2365f625288c,0,0,0
c6ee591e1061490d8c15ff8de1ab58aa,0,0,0
466de00abb3346119a44dff5cdca68ba,0,0,0
76f8ea642f5541cf80e93ba4d2430b7c,0,0,0
c923f6e9440146129bef546a6fae0383,0,0,0
38b310ec74a041c3ba46b304a712d70f,0,0,0
f99835e3fffc45bbb3b4c992c78756e5,0,0,0
32bae6dbde3e465e9fde5ac4519fa157,0,0,0
6d24c882111d4c29b64b6b494d644159,0,0,0
14628aaead7d4d6b97153bbd84cc6ef1,0,0,0
6e6c35e0ed8343a18a5999c5e27dd656,0,0,0
720ca9c0b604445bab3bd731000bc5ca,0,0,0
2e024b2658064f9099f0ffd136fc4a0a,0,0,0
a5f020c705db447cabdb237e7b7027fe,0,0,0
276d365e9e6b42e6bb17571e9dfd2663,0,0,0
50e6b50f81554912a305b166a0fd1a85,0,0,0
8eacf8672d1546f6b90a6966b6e45db0,0,0,0
937ef6a5582f4186805e8f370131ddf3,0,0,0
37f4e459dfa54aff98d84e8287138288,0,0,0
7efd4325cb7f42519c11210ffa7a7e1c,0,0,0
d75fa5875ff1464497e5c2191ee803b9,0,0,0
5e088d1a1343492fa42091aebe7f9e04,0,0,0
9e574409dd8f41419ddd6d06cb5c4dae,0,0,0
bf428f443730499685d561a4221be040,0,0,0
b2e6464d05eb49c69144ff197c24db72,0,0,0
d5dbd24d1b9c404a9b4fc687ecf17a4f,0,0,0
fa51cb2051f240d795737cdffeda6178,0,0,0
eac917cfb08842be82d8f5455434f74b,0,0,0
0aa7d38c4a904859b548bd69f4691106,0,0,0
fddca3fc457d4514a832025de148d6cd,0,0,0
b9152c697f4c4a2fb4eef96ed220b484,0,0,0
157ae59bfdf04cf5ba5785dde25b039e,0,0,0
a5e69ef92c7b4b8d9804a444e919e230,0,0,0
9594700e2d354cc89c318b8df7ac29b1,0,0,0
333d8508b2854c169ecdfa509cb0f068,0,0,0
796a7cec3a9648a097bfe3a76587513f,0,0,0
d98247d9b9724eb9a730a1a5d9f1536a,0,0,0
c18f83b284d041abba9a6afa23d2ebf8,0,0,0
f3fb79361ba64ba3b4d5c2160f4d4f1f,0,0,0
4ab7185168cc482bb745b7de90029bf3,0,0,0
9f140cae53d74624a23587631c8d0478,0,0,0
12c934ed973740efbdbe207ab3a064d3,0,0,0
2e9912cb8d1842f88aff7bb59bdcbf5d,0,0,0
d9a5041cfe7042dcbd89101799e8bc8f,0,0,0
95a7711cf04e4681858182530de24d12,0,0,0
7458e0a2cb7e4ce3b7c85fe452ac4dbc,0,0,0
d1ca17ceba9045d8b65ac93f8d3cdaf1,0,0,0
7e25da3804064036b06f806caf9f1e62,0,0,0
22fc81e0645a42d5be891f95327b4c62,0,0,0
e40675d8209d426e8f60cdd315953cab,0,0,0
