e4c0a4ec08104bf5ada134b123fa53e7,0,0,0
959ea6af304a4339bbc5d97f044d11c3,0,0,0
ffe0e6835287419c9cfe343e9d613d87,0,0,0
47a69295198f4265958b9b1d497c328d,0,0,0
3dfe07714b2f49d88bd4c8749e8bb0b7,0,0,0
87407bb6ed614926b91fc3e27eab766e,0,0,0
530f8e4126b14082a5c4ff6c3f6ae7cd,0,0,0
96782d3925ec4088ab224cdc92a4fd6a,0,0,0
2dcc9c6ca2d44d5080a0a7e7b7fb9c4d,0,0,0
0d704acada9041c48621c5d01d775da0,0,0,0
2cbd295d838b4c51b5590dcf2a37fba0,0,0,0
6fbd170d8df746b0b10e3801e2dad706,0,0,0
31d308fee8284a168c28e238cf814363,0,0,0
789faffd87b949fd9ed7e6df4fadc2f1,0,0,0
a26b0e83785f45d484e5f9b83fdb4df3,0,0,0
df0b69b34d04453691b72a6c16923756,0,0,0
d7d0e431bbfa40429a561060150f24cb,0,0,0
8f17854feb134826ae42e16b303e7445,0,0,0
d0584db5d0ba41ee955f6c91195afcb3,0,0,0
87491cd48b094270a2a1aa682b8a770c,0,0,0
8a65d3586fed4c5f9e0f28fc184b3ff2,0,0,0
eb464984cc4847d2a61eab27e3e31e51,0,0,0
ce103547e620457f935a63050cea57b3,0,0,0
fa48c6f958304aa8a8f765a72fe7e8d5,0,0,0
50be95bc6efb466c90867d52cf32ba3f,0,0,0
91d1554c155e4185a8c69636d47fd58d,0,0,0
5d4349e09ada47b0aa8b20a0d22c54ca,0,0,0
298e09e5e1144e7b9762747370ca68a5,0,0,0
f8e13e216dd6477ea05e694e2f1478d9,0,0,0
e5f7cab8517b47399eda8866f0e30ab3,0,0,0
a924a5855b954d68b26ebe82ab61c71d,0,0,0
