3477961763d54b23a776dd0ec99e0abd,0,0,0
e7f7ac6fe19c456380d054e896cd180e,0,0,0
52b6dc08bcda470baacad3fa14ab1c6a,0,0,0
1e694ea844d248ebaadae2bb87bd0dce,0,0,0
8d5cd3de37b34237b98571637cdab18f,0,0,0
65c5c5a949a243ac8e026af097fde3a0,0,0,0
6a74f0c72514476bab99c998470dcab5,0,0,0
c7153c9ebf2041bfaad0b9fba9d7e630,0,0,0
a351e0438a09431083f40281b97fe9fb,0,0,0
0b7b6f0cad12468b9911290f9030ded6,0,0,0
7948ea9e2a744879b0abfa3c766dfa03,0,0,0
b0b19f3f07b5406b990c704f6c5103a4,0,0,0
0154dc50196442d58a30d82e7cb1f5a8,0,0,0
a9dc512562944e0cbd4631cf7f3733ae,0,0,0
63b19076cd83464e913e8a85424fe6c6,0,0,0
d2d25247a3c34f5382e3e1ab33079036,0,0,0
dddf684824ef44348b18ac0b6589abc9,0,0,0
124cb258e88347a99605655d1d69d8df,0,0,0
24e1d29d44014a1484f7b0e48bbaffe5,0,0,0
2f2021a5015f45b8b6a547aeef23cd7e,0,0,0
69400f767dc44d94863191d3d10af23d,0,0,0
1c18c47760ef40c394ac52df1d036047,0,0,0
3127cf2181e94cc1a28943f7a8524f4d,0,0,0
919f4027406c421b99abb92b48917eba,0,0,0
d587668328df48ff964ee1587b8c20d5,0,0,0
9293e8d91b1640a4a1249d06404c38ad,0,0,0
b7831e6a81e7472c8748284c8069c081,0,0,0
052a1a1019c6482a818aa10a140819b4,0,0,0
2760737cfc314d34b14f4c67b73dd0a0,0,0,0
c9fd7ea9b9e948cebf2b8e4b5f5407d7,0,0,0
2cb780d41e974606805e09f605c271c2,0,0,0
4cb7fa10e5014ec292756433d83484c8,0,0,0
e15df681de7840b5899180ce4e953be3,0,0,0
eb11300f27264e5298069dfecc3d94b6,0,0,0
4a800c7216c54d4890ce8eee076262b7,0,0,0
511493bb233749d8b947a751eb5aab65,0,0,0
6a618e4ed84d4319b4d7b7fbac725a12,0,0,0
76cadf5502c94469a168fec4837d703c,0,0,0
6ac17d87092a49a4b6a356e45a60214d,0,0,0
50b87256231240eeb2ccee2c6c28ec1c,0,0,0
424bcb744623413f830ece5c68319d70,0,0,0
58f5528b1cfc45dabd0bd063bab65ad9,0,0,0
cf221064dc0c4a8c9de21d6bc11ad65e,0,0,0
1187fa1c726d408fa98b5a8d6e49ffe6,0,0,0
1c0b48f9198341738624ab51d4f81ced,0,0,0
82995721c419465fb09ba983839cd046,0,0,0
45263076e33148bfb2952da49e58d27b,0,0,0
a5026cf1294d4090bbe1bf3b25643160,0,0,0
40d9295b108e4736a7c1e7dc5e83feec,0,0,0
3ff975d7827d476db96e07ab050e8ede,0,0,0
8653b20e39e94a58927e31f10df2282b,0,0,0
6af136a725d44ff4a9266e248bec1193,0,0,0
17e234c06bb34d0fada962588fa5c956,0,0,0
274f680a403742e0a7741f7e8d21906c,0,0,0
4cbf5d7f435a47f3b84c64b336d1849f,0,0,0
131f205a7e6a46759bd6593624bfbf3b,0,0,0
07ecdce20ccc400ba2017910315f5c61,0,0,0
eec6bdf9713546628fee58e19a844910,0,0,0
17b0a62ece1a46479ad80021b5b28eee,0,0,0
fb185ee47e4b452097df3b3f079de5de,0,0,0
c6a6dd0dedf6421392a6e0eb65ab04e5,0,0,0
dfe2e125efb641508d03d755a64c0b78,0,0,0
a2829d4d7db54cc7b808206e3de88fcd,0,0,0
835f9d83bc6d452a97ee77b90bedeea3,0,0,0
3aedda073dbe4f5f87e2d4b15c6ae8bc,0,0,0
0d1580354e1c4907bc26f85be0fbc2e8,0,0,0
c88673cf7f854b05886c5022d6d076b7,0,0,0
7ac330bd55b84ad383216b43753e9dd7,0,0,0
d5ada690fef6458ebed273cfac317940,0,0,0
5eb814a96e2042c9a05249f539d5645f,0,0,0
d994801b7bc84e2fb32d1bfd81bf1941,0,0,0
8896b274cae84e7791138d2eb0ad2cf4,0,0,0
ac31b754aa2740dcabddc03f933543f8,0,0,0
7281098fa2be4a46b8cbdf5ef7fd6ee2,0,0,0
67a7b1e21e24478a823c0fa1a6fdcdee,0,0,0
9aded9c1d68d4ca0a23a5fbba0cfe4e6,0,0,0
ec76b2dc0e8248188d897e3e487df74e,0,0,0
85198fd246cf4a558ca2865200226bf0,0,0,0
bd12a6ea5ecc4f8e80551398b53d29b3,0,0,0
06ad2ecc67ff433c85752bd5289c94e6,0,0,0
934d88f8109b4024b8d9408e66c04f36,0,0,0
52d2ddba83b344b2a5acdaa295eb3778,0,0,0
b37b2c903995434fb4f9a990ce4cac93,0,0,0
f3cd04221f2b427387034f09c0c9de20,0,0,0
7e4d964bcf1c43259ef7ef772440f215,0,0,0
b46197514dc148c691103aada27816af,0,0,0
7c94d733eb984095ab21ed5296eebd9f,0,0,0
ab8021b4d73f49ac9a20ad1035c8a875,0,0,0
315baaa42e294dd69e22a5033eb437cd,0,0,0
6d4f99f40eb84748a14f4b88945efd8a,0,0,0
89ac78f26ba04a77aff25d0fb3c5b433,0,0,0
bbb19add5eef42fd981f884becfddcf6,0,0,0
f4492b3d9db042879c2f73ba22760fc0,0,0,0
ad731e6ad5894468a636651fa06711f7,0,0,0
1d6546a7cfc34f46baac6ae4fbdd4c82,0,0,0
6cbb892fd09143e3a74dd80f8725e863,0,0,0
3f1a2b6be1e24de88510de04d889c0f4,0,0,0
f96564815414409a96375c15027d13ae,0,0,0
1f88209d265d499abcf0f3565ea15b7a,0,0,0
8e7d20d58540431690d4dd27de8b61aa,0,0,0
60e8b51598084054b9afe9f485d7898b,0,0,0
59789f4040bd4d22bbb1f5a86ab02f2c,0,0,0
3ec2f6e7263d42dfbdc70733ac4c4241,0,0,0
3df8202511c3432eb1d9d8b869b52aea,0,0,0
b36bcfa6fd2843fe9a0a9cb0b7a244b5,0,0,0
0f7b09a4f8314fceb64746af1c350f5c,0,0,0
185b134ba3e342f0b29ce926b83bc33a,0,0,0
d2782271d76943f095308266e43b73e1,0,0,0
e0748285f3d74e62beb4e446beb417dd,0,0,0
d51cce377e9144cbb9c24ac99a105446,0,0,0
cff8f798d8f94bf1a952534e9d54dc57,0,0,0
