3daad58ad53742038e50d62e91f84e7b,0,0,0
499d247ee57b40c793ed54b50c8fb408,0,0,0
748fe3b8618747f4b7b316e769d53980,0,0,0
42e98f3fe3914b719d347293e4d27040,0,0,0
9deb4588e97447e5922db7db84c5b744,0,0,0
8b2c4bd5f50745f79e032467595ad5f0,0,0,0
be8f9fbb02d6432e99ad51bbf570c795,0,0,0
070b40c1eeb04680a0dc335c5ea121cf,0,0,0
1113418419f84a5c80586634f7611f14,0,0,0
28dd5de59dfb4a6ab38cacf7a3374e43,0,0,0
b446fc62fe5945e9ae974f69ddff4a73,0,0,0
b8a09dcf771a45df8501fa1f19abd2c5,0,0,0
a79f7b47f6c047fc991840810e24e4e4,0,0,0
2d28fa8831e04fcfa7e0e0fced1e9886,0,0,0
6cda62bd30404207b8ad5a95c88a399a,0,0,0
573bfc7970ee40829523ed2b6eec8ca0,0,0,0
17e450ed7bd2429b81d50ebe770937aa,0,0,0
a868c39ea01143fcbaca1f255f9e1178,0,0,0
41223b7c740347d3b2fea257b73f1a64,0,0,0
f5a6564a68744895b25176ee9af53c57,0,0,0
69d18f7069e44875bc6459bb25804499,0,0,0
f113a975447c4f9dbac6564c10ed67d1,0,0,0
8240fb8bd3f248a99c70ad97b1b94458,0,0,0
4da3647985964f649ca240574cb0d32c,0,0,0
ffc16df830484bdf97716d0858568965,0,0,0
a32965abf4d149fb8f9a4ebe5706ac04,0,0,0
ed8c17be5875438d80180c45b8516811,0,0,0
b1843cc513fc4180a57efa7b81b64da9,0,0,0
81a29947931043349fa2b9a675e80409,0,0,0
e6c050abf5ef4848b6577f9b1566f4d2,0,0,0
359bc2c80f9d4c049c9a30cdc3852e07,0,0,0
e229a67787414f3386b26464ceebe198,0,0,0
274c722ed45e4400b519611e2ca9c200,0,0,0
ed11b5b189b74a219c5a5b1145df66c9,0,0,0
52280dcf1af54cd9806e8574f13468b3,0,0,0
c9f0045f40984820ac2bef8de7ce9dfc,0,0,0
cd3c81699b094ff6ab449f7b939779f8,0,0,0
af818a567c6840a786194024a1b547f5,0,0,0
79ebcbcb26e74cafbe9c34e4f1528ca3,0,0,0
b60fc1954c30464491f32618693f5daf,0,0,0
6e6a55cea2ea4235bdeab2545d9af45c,0,0,0
a313bf96ab8b4693b32d558920f4b4cb,0,0,0
404560669c47482390ad3dcebda62a19,0,0,0
51e50a1c1dda46db856161cdb3fded5e,0,0,0
1320ad480d434d1d8d6d7304dc5f7854,0,0,0
77725f5a065e4959b03f6155773581a1,0,0,0
ed9197c6adb442b29243a5110e5693b9,0,0,0
bd46cf7b4c8d4069b8a19e936253db74,0,0,0
d1e91883626e4ac88023658af4028f6d,0,0,0
836e4c8c66a445559938e556fbf2dcba,0,0,0
4e34693a636341a2bb423d6126c967e5,0,0,0
e7cdf75eb687483c9dbd7bd3c3e19b56,0,0,0
cc20dc9d74df4643b94a0260058c7822,0,0,0
ac3dc08c7a2646b991fda42ccc42bc47,0,0,0
23e06a377e3a4c87ab4c2c2a47b227ce,0,0,0
e341fbd84f1d40918dda5ba34d5e4a33,0,0,0
c757b3ad24ed4706bc84645a8e748bee,0,0,0
86297b5701214f4ba45cb0d5638e6fd1,0,0,0
77f6c7bb773441c8becf542b828dfc64,0,0,0
ab0c7784e47b48ffbba8fab6d6422904,0,0,0
bd2ede9bfc754b81a407f6cb590fc698,0,0,0
90769276290547eaabfde2cc89a6cf59,0,0,0
74bd28e9fefa45eb8025420ad4f1997b,0,0,0
0a9f30bd318e40de89f71e4bf6987358,0,0,0
6d1885c360bb4fdcb0ae719cc021af42,0,0,0
09f31cb3d1584052bdec594a45ab0d0f,0,0,0
d66c5c3fa2254b8ca1c911f20b0578d4,0,0,0
d5d55adb422942ee92a5f92bbbf5bb03,0,0,0
ee2c59f55aef4eafa2a4e437493748d5,0,0,0
a11b85e1b01749a8b357ecdeda6a4c32,0,0,0
41d1561d41a944beb60dd65a034a074e,0,0,0
e22e764c60c44da28c2ba3e5c93fd44f,0,0,0
bd0fed0d97ec441ea72b98bbc1ca0a79,0,0,0
481f06bb3f5842d099817eb83ffb76fb,0,0,0
04dbf54474354ec099ca16cf0d7f1686,0,0,0
831ed5e809af47ab97492490a5ecb0a5,0,0,0
beb2435723194e93bd6dca4b31e0bb19,0,0,0
2a47f095717143d989ac571609ffaf0a,0,0,0
ffa76a5c7f674809a71a1990629ea37a,0,0,0
b61fd325bc7a4bb5a8ca1638209ca8d9,0,0,0
00c6dc6b90a947a48c378f08b061234e,0,0,0
c59b85476c9d4423b98e1cbfd010f4c5,0,0,0
06257b2442c84a7d9a494429e42d3d6f,0,0,0
c56e92a10dda45a0a27fe34224c8294e,0,0,0
b244d47e223c4650af7577f24936d6c3,0,0,0
1da343117c3a48ce9707860471a2c9aa,0,0,0
8fca205ff4f740c8ad4e01e2796db860,0,0,0
55bb9a9d764e41b98f7f1c1843885baa,0,0,0
d70e05c20c15468eb93117d496285f82,0,0,0
f1f7c280b9fe489581bc3fe0b7088468,0,0,0
3d693374b870441ca751fba769f452cd,0,0,0
ffedee2a7b1f45e3b8a5b38f68aca03f,0,0,0
49b3c844c10c4f1f8e36342aedb7bf94,0,0,0
5f072fc901d94293832102f94b9c3c24,0,0,0
3abee6c9f9d144cead7d659a476ecb07,0,0,0
c3f77143c7ea412fa56c31817b0732b2,0,0,0
ac4ac05b1f08435ab1ef9dc96a377684,0,0,0
f672e020e2a043b2ac119e8d09e7df89,0,0,0
c310824d1f3f443aa1f972cae642ce66,0,0,0
6a5804eabf574d3f9498c7d2967bfa47,0,0,0
64c00dea4b1a41a98bd439d56b753283,0,0,0
a8037d63a223407e89b8a7c9bb560c3f,0,0,0
fe680f01b8c742c78b9771ac09fadb06,0,0,0
9a999a2186194fb7aa9310ba04d1c86f,0,0,0
bbf276ac29704bc18fb76eb278555ac3,0,0,0
4ba353cfdcac4050b03986e23b673c73,0,0,0
86f32b6029b44cc98b7f1f5e3af0646b,0,0,0
a1c0980fcdd94ab7843fe9762e25aee6,0,0,0
f7a060bfa1164b5e9c5cca04284f6d6b,0,0,0
37cbb99f26454733992123c45ee74bca,0,0,0
58042d19e91b492e925de7a7ef02af7f,0,0,0
afa1f6b3e9424b92aff7ac85d0d17ff4,0,0,0
de361a4b30454c398c2a252cdf70c135,0,0,0
c42af8391c5447a9ac6c296604c038bd,0,0,0
e485b7b35cc14fdfa16fddf174055a68,0,0,0
800e999445de459fb2507e35dbf2153f,0,0,0
a979c8771b8d4c02afac1f52a6299525,0,0,0
2ffb8487811b44c4af20549aae8780d4,0,0,0
73a5096ab14842e9b2091fc1ad4f43cb,0,0,0
b2dce1643d6e4dfa9448b3520ebd48e4,0,0,0
9c8b9b1e0be74525a14f150a20ea2d68,0,0,0
e88e705a46f74c87aa5eb71cb7fe7eed,0,0,0
f54f9730c1cc4fd993dd71e999f07699,0,0,0
6a512589ab024c6b899b73af496b0019,0,0,0
2900a1db084e42b5931b67452273c691,0,0,0
ca6539bde99d4b67a9e5d372d7ae8a34,0,0,0
582a0329c36646d08ffbdeb67868a9d2,0,0,0
2429542ef17c46bf937227318022ebcc,0,0,0
7bb4f4f887354eb1948dc229515574fc,0,0,0
ff35b881eaae41869cc07a46a8fc1325,0,0,0
1dbf4725d8054e37b42fafae2e9d2fb2,0,0,0
9078e2b999da46ffa741a3a2a954432a,0,0,0
a81b485dbf004fdcb7a53b6d502496e8,0,0,0
3542707c604c4c27835928ac9878c631,0,0,0
c7a146305f454c5d84df2252563f12e5,0,0,0
8c913cf4718c4a0991fafeb6528417e8,0,0,0
9099e43f4530429a82e66288213a18e2,0,0,0
3c8ec2babad04dac9bd6d352dd996e68,0,0,0
f634472d22c64ad38f19415d1ca374b3,0,0,0
0ae9a10c4c974a6f94b251899e1c3322,0,0,0
6a684349231f4d70bdefe2ee645eeda8,0,0,0
9d70475d142140da899ba96edd92d654,0,0,0
e25cb07854e64017ba4282afbebd4d53,0,0,0
60f5f4a010f341e59c981bf071ea100b,0,0,0
0c454a83d94a40bc8ff95f4659b73d37,0,0,0
a9d9d5e3d5e44d5080b643057d25fc27,0,0,0
57f418bdecb94deab6d1e5542ba88ef0,0,0,0
4dbaf3f1a80b401dad9fc7a8bcb297d4,0,0,0
81410b8ac62540f18cf11e409ceff9b2,0,0,0
2d9efbd449f54a8ca2d563f9fab3e9bc,0,0,0
f038bfdd08974e93af6880ce91279fe4,0,0,0
2cdaaa1e09bc4b63a29013d8c43a6c13,0,0,0
7d6ee8e26a434fde89597d09d92643b3,0,0,0
97eb119eb9b94677bea3af3079620966,0,0,0
fe0f8990834148809dc84feffa5797eb,0,0,0
6e95a11ced8b44b39fc3d795b7b32721,0,0,0
6f688288116a4a0e96fc29854073d91e,0,0,0
76a02b415daa46f3bb050260c486b570,0,0,0
fc808c9afa4943e08844cb0931dee9be,0,0,0
be5698c94e3a46b1ad171a3e3932489b,0,0,0
dd6b8a0bc1d641d4804a81cc6e4b1dc8,0,0,0
50f16d748fbc4682bde319d9eca9dc18,0,0,0
8b00915324764301b56bc873b06b1b1d,0,0,0
d6fcbe8ab9bb402d857f3a0022ec8a07,0,0,0
c2f534e2c1204a27a8d8df29b05f4aa7,0,0,0
9103ed6320424ea183c7943bfceb678b,0,0,0
1da6bc4a3acc48868c4ea1904c26c92f,0,0,0
58348305b0f84dd8b161aaf2d5b945ef,0,0,0
feabf6ce2ab347b285ed253498c8c05c,0,0,0
a0ee6f0d6b5545f6a17cb7385b56ca0d,0,0,0
4cc8ffa4a220460f974971ef2da47296,0,0,0
28d28649c3254cf09cc03eddd96bc31a,0,0,0
d3d7cbec0eec4c9fa1b481c220b65536,0,0,0
ae136d2ded8c4f79998a917322067b1e,0,0,0
0f9915468dee44989d22c1e2aa039f28,0,0,0
f284dcd6c7a04b3eaef2c2f8c6e88446,0,0,0
20a5c1beab4245c0b293283af82b1a16,0,0,0
c14db1c9fdcb4f96b202b49a91c45f14,0,0,0
447af2ad95c74c468e10f3a4b7c92a2a,0,0,0
c7514b33a67f4d8e95571db30e4f69e2,0,0,0
fe326a17d5f44104befb9c5a8da24127,0,0,0
b83ae38bbdba4934967a71d67be2d7a2,0,0,0
19e2dbc6c2ed4a04b285ae9ec83bfeb1,0,0,0
31d333100701416aadf529ee032ab7b1,0,0,0
9d964d907e0d4101a0a98d5f90e89403,0,0,0
9f0079fa767e402cb515c7751a13e265,0,0,0
ce5e1bf00ede408fa46eb35049d81842,0,0,0
0cf8775a4e474671bc23337c84da1540,0,0,0
1eae5d4a0c0146c2b884d6b96d9b0e16,0,0,0
7f2acdbd7e6a4d088629ef09c1a19069,0,0,0
0d579753613b46df874d1272a29fa2f6,0,0,0
22909f85153f4081bd25d3212dfecd92,0,0,0
62c8e9eebaed4671a0f2806126ed4ca2,0,0,0
2ea9ef57798c47809efcecd553f183f2,0,0,0
13b9ae157ad44e408018b0d1e5d7a4a5,0,0,0
7c2397fff7984480aa24da7b7990d375,0,0,0
44b578d6975143c7868b1c752ec78189,0,0,0
3fb5a48d8a71413aacaa51f6bc569e59,0,0,0
29d286b3af0a4a49a162b1481b5c8127,0,0,0
252b3d388cde465f8e28dbf66b0f9b15,0,0,0
a65f29102bfd4d2fa38239959b0098d9,0,0,0
070acf1514684f28824de7469a73d7bc,0,0,0
e24468be7bb14ba1b2145e3722b47563,0,0,0
26dcc104db41485d96549dcf2e48a307,0,0,0
43b53aa5b25a42a692edfa432d7cae80,0,0,0
938a36cca7f44bc4b2892f953c35b61e,0,0,0
02ee4a5177f844c0867d3e174a1080e2,0,0,0
5d0a26f5813b42cea5ac41ab888325b1,0,0,0
59136bd254af4972a365657696357739,0,0,0
73f0da2d03874506872aa6e9bd9fa899,0,0,0
c7119b0b63e242d9907750e619f5a1db,0,0,0
d17568bcd7cd4cd3bb0f4af2c63a3ef9,0,0,0
2922237a743e4568bfed181245860bf7,0,0,0
c3d775925a4b44da8704728ce4ca1ae7,0,0,0
93601781117e4358baeec8c478bd13e0,0,0,0
