b2ccf1e70dbf487f8f0e1b0827e54014,0,0,0
bbaa68601ebf4aeba9d8b311413cfc13,0,0,0
a617de09a3634853a0cdc8b9d5a711d1,0,0,0
8b6f1b0b025848b482e747ab6a027b97,0,0,0
7c9caadd3cb34400893356727278e975,0,0,0
123e8165f6254f5abf4b945b541fc25f,0,0,0
23948dadfefc43de8ae073d4c87e3343,0,0,0
01a4b1a3af5843ea956bf308671db67b,0,0,0
e8fcf8c5bd324655a25186117151ccbd,0,0,0
fcaf3b3dc15748f4b64f237de2c972ea,0,0,0
7e0b74a0d4754a3f9973ade6bb1739b4,0,0,0
9a680b9704cc4996aaecba183bc6409a,0,0,0
76e669edcd7c4daa9f694c6b1c66b8a2,0,0,0
b73ae36f994747e196380b1cb71cf407,0,0,0
c6410f47ad754d6cbd890ba7dff8b449,0,0,0
66011804992541b8a2678ae10da2ec92,0,0,0
84ab64f4dc4f45db8d15f78f3b2f7c4b,0,0,0
5b62816d9cf94f17ae166291822ea9ab,0,0,0
a434d2704d9542bf93f1d7cf9ebbdab1,0,0,0
428c018c4df34717bf9685c5f71e6f93,0,0,0
fa0c95d44b374d31bbf76ad7c6433d7a,0,0,0
fd10460fd2bc4c52af84e36e89357269,0,0,0
f4eb9862530a4f909b46f51d1887d05f,0,0,0
f8acfc899a4c49ddad71fdfcfd899b2f,0,0,0
abed00ee59594186bac2867a03ab03fd,0,0,0
07a43087f1e54e3f828851d8e457a283,0,0,0
fe13ad21cb704dd785def322bb4bf719,0,0,0
c89cdb4427b144148c8d4b0eff05f1bb,0,0,0
e5e389644c5445f081a31d7a015e06ff,0,0,0
63a61ea85f58452db2c228c737ce2283,0,0,0
ed5c78926a6940cfb896aad6ce7fd5af,0,0,0
d5c47aa99b274a67b305aa601234f1f1,0,0,0
a291fdaca3f84e8c9895bb9bca1af07b,0,0,0
14f2a8bc76f24d2ea495369bfde2f653,0,0,0
8a85971763ea4bacbbde47dba2e5d071,0,0,0
15a194390fdd47f9a0afd6753a0ba588,0,0,0
f62d25bc9cbd41d3acb0b60301ae4955,0,0,0
dcb326d4bb9b4a5f8d7e565ec32bce8e,0,0,0
84722e58b32f4646acc12614994f835b,0,0,0
afb429082cb0421ab1924a1eb314624a,0,0,0
a7ab19b1a9f044f0905592de1414e8b3,0,0,0
00b4950b469b4520b29f895aa029419c,0,0,0
1535c13966f046a6b91b1ee948d3080c,0,0,0
0254bb7190ba44c4b2eb0509f5ebeed8,0,0,0
1434b965c3c147419c4ff40310633b58,0,0,0
7f5f4e3055ed47648524fc475bafda6f,0,0,0
75f912cc662f46c6884c3dc3a30fd6d3,0,0,0
76ba70b55bde4313939a4a0cd78a49d3,0,0,0
1b71dc07b1194e48bb3059088806a560,0,0,0
cdca0a1a2fc343bb94bacdc3045b2d8d,0,0,0
9f60085423c14bdfbaee38dc2545d7a8,0,0,0
e3b449e0b34849d89b62b790067e1aea,0,0,0
272d5682d2b940e2871c0edec0ead4fd,0,0,0
4bdc9dcd921342d498e9d70a24481f2d,0,0,0
fb41635bb9844f1ea9777cbdb06a89a7,0,0,0
d16148886d7346d18b5d9a3dfa08ad8d,0,0,0
2277f8e89de548fa9bd24232843e4f6b,0,0,0
b917f57dfcd34c0f9896e8f58d89dcd2,0,0,0
8b3817a237a54b89ac363dbea46b39c9,0,0,0
23ed105b1f0f48bbb6ec025df9d313e7,0,0,0
426852c0d14143c8a4a0f28bef89042f,0,0,0
183fe67ff4cd4d3683b7a98694a09447,0,0,0
caf815b583284834a7a07526e93de4e5,0,0,0
b1ecf96bbe2a4119bb342db19a9c171d,0,0,0
b7cb99199675469abc0f529f7f517adc,0,0,0
d11f14ddecbe406681d4980365ea5a43,0,0,0
0a3e9c68488347459f3aaba328bae563,0,0,0
9ae0313ede6e4c14880dc0bdcdca3bb9,0,0,0
071ca188c1b7423c947607cc794e9f72,0,0,0
68efbeec805f437bb3f3421f93fa4f56,0,0,0
70a57ddcd42148c2973c2cf0c2f454d8,0,0,0
dbd4b155e5b24f279efe34ffd8c172a8,0,0,0
df9e89cfa13d44109ea0082ad4a9612a,0,0,0
6c4fa6dfddc1499db228854454bfc61d,0,0,0
33dd9892d10e474ead8f7ad38a8da562,0,0,0
ba24e5a57ef34c6dbc0458ed4c1e701d,0,0,0
ebebfb7a8c144b7c926b90a7a07b13e1,0,0,0
c0a30ea3e4f54d77b8b013167b825342,0,0,0
ce21aa1c088c431f937dcba171c9961d,0,0,0
26b3b14f6ce047489259ab14d131122d,0,0,0
56a2256d20f844eeb81066e35ccb5449,0,0,0
bccfe89cf0b24f4c9d2afee19c342117,0,0,0
6b7940e7ecfa416ab2e6b93d3826a935,0,0,0
b6420bd410e84f07a0f9de49500a86a3,0,0,0
9a58a33f622546f2b08fdea686675826,0,0,0
e70a02c08bae475d8bbd4eb472177a0a,0,0,0
c1cbcf69784e4e70b0f05a22ce4554b2,0,0,0
dcbe971afee14c57beb3c76980ead77a,0,0,0
2ed0e171a7c34f17a85363923a26ab98,0,0,0
01ea3de3141a4adaa917cebb3db3c086,0,0,0
2c763498f43f43b099287a0f50d6cb21,0,0,0
55c2c79e066d435bb4ca0ed7184e3b22,0,0,0
7e1152079c744dd4b3b09ff330bc6dd9,0,0,0
7941933608084efc90d01d7a5deecac6,0,0,0
1e007e734c6e43ac9b2a8d37531eedcd,0,0,0
6f2fdbe29c9a4afdba1e827b547da2ac,0,0,0
d53f0ba834c44251a32bf361031c931a,0,0,0
6692c5cef5b544788c2ea96579658e24,0,0,0
930b1d9018914ff6858fac08e204de26,0,0,0
7fe492ec87bb454da624847953073209,0,0,0
528675a615264bfa8bc83d51c643abd7,0,0,0
f383769d4d4a40199165ed20c4e2cc93,0,0,0
9f199750b00c4f5484a546d79e06a0f8,0,0,0
97cf79c77dfc45b2ba2f79ead489f21b,0,0,0
9b675f28ab5f4345bf06ed5c77097426,0,0,0
68df002b0bc84182b4141e8f9cd03fae,0,0,0
9485c0adab6941f6bc4c502d75ea4722,0,0,0
42b5f93c05a64dad96da639a278999a1,0,0,0
2d80f7d125794c87aee34d9d46a78304,0,0,0
1c952d6c63d5479c8fdeba2d51f1af95,0,0,0
732f4a58dc814dc7ad4878f0a6b64196,0,0,0
c25139f638dc42e7ae07e7b74a183b99,0,0,0
dc40f6c57d25440c921a086d26fefea4,0,0,0
a5dc96ee500247d881a524dffff8b018,0,0,0
78573412b42945d496f49380e591c413,0,0,0
fd411e4f6035431593833d9d0beb4d32,0,0,0
da58370d41bc428caf503fc3edd33be2,0,0,0
5722ee71ff2342be9f1a6cf11d1da1ac,0,0,0
1221600fdd514346977b36764198ab8c,0,0,0
675459b57be945a387c14515ac46df37,0,0,0
6a99c723d40b429e96a29c8ce7532d1d,0,0,0
c9c3d25ab33d4baab700e99d96c0dd52,0,0,0
59f55bea818d434f8f79ed617800d619,0,0,0
978d7a8eb0794936bd8fd092306e1dc5,0,0,0
54f59a5c1c4f4de69f48c33e4e4ac5f6,0,0,0
e24473d2b8a24568b89c1c4c2a4a9bf1,0,0,0
709c21ff4dfa467cbaa655e84acc7030,0,0,0
69f36cdad6eb489c82e7bc0073e8b2a7,0,0,0
b74fe16da1314290afeb10ce7ceae1c6,0,0,0
75e2851e5734470a813afe0afdcebb62,0,0,0
4a907cb4383f44ffb221841eac4775a6,0,0,0
a728d2eef41b449f82357899de802dd3,0,0,0
316996002b55441584153125e653e683,0,0,0
737113aedae64d369aee9c1a69b18096,0,0,0
9305645632014863b3c3593dfc63954a,0,0,0
13a430466eb64e2087e7fb5acde7a398,0,0,0
ce88ee8b7ee84fca92c13ab16599d90e,0,0,0
60c1842a4b1c4966a90d779f8ba50e38,0,0,0
109f3cecf3e94a7eadd9000b0164899f,0,0,0
3c97da43516341758224453830954124,0,0,0
aed830f085ee4ad88ef6bed7f66f1359,0,0,0
b1aedc485cfa4b47be0977925c3dc799,0,0,0
28cd285e6d5545dda080d949bb00f1c0,0,0,0
0df9d16a7fdd41bf889539b47cb2571c,0,0,0
3c639193293c4b7682646fe59d68c556,0,0,0
9a7b9876b64d4576ae85f1612596b17e,0,0,0
d096a603ff954f73b574f947f88025c2,0,0,0
6a500a9a43a340eb817c58bb084327fe,0,0,0
ab84a27288034713b2c24e41b31acc78,0,0,0
dba77340b24340be9c7242cba42f1e28,0,0,0
45a4210a4c224ae5be8b8ce77e6c90a7,0,0,0
20bf170c987d452cbc7b0721e9346062,0,0,0
63aeace8e29a49fcb2c7059963ad8dfd,0,0,0
fd8d4da92ec14b668ed3d2986616bd14,0,0,0
4d422e01951e4c4a9fa3c2d10666a004,0,0,0
e993bb2c168a42758b3b10e196399f06,0,0,0
104d12b732794414a42edd37ac554bff,0,0,0
e5a78454e4294078b57a581830400cbd,0,0,0
e723da0a83ef4af0ac3b0e67b931ead6,0,0,0
bcce4f23c12744c782c0b49b24a0331a,0,0,0
05285f9bc0234526bf0f6362679e38d0,0,0,0
b98c9460586e4f138658181461df9f51,0,0,0
412fc84487ec4099bac76a5c4fe801b9,0,0,0
ef1b78622d094c6397fc30f30897a7f2,0,0,0
e39b52c7eedc4d859fca7888cab531ae,0,0,0
9ec5ebcf3edc44e1ba6dd02e8423e5ed,0,0,0
cf7913f56dfb4bd0856f90ce6f759c18,0,0,0
ab9fd9bdacbb4701a0d239018c987455,0,0,0
748279b5d6e740c4b2cba9fc78d6fc62,0,0,0
a372582c11864f31a9dd174e4a0ae6ad,0,0,0
fcba704f80a04361842c0fdcb776becc,0,0,0
6adff04b1e974c72a81b54fa8f15e7a2,0,0,0
51f5331811554846b460824deaf69532,0,0,0
7564aa0ee00b4b37b00c9aaf4d1d7e2e,0,0,0
ec75c873710b4cfe85784587e107789d,0,0,0
00eeb37f552c4a37a49bf257703f3f92,0,0,0
1b7bf6673ca74809a141b57da1d6357f,0,0,0
c4dd731883c64dc4874fea4d7840d2a5,0,0,0
3e424a8daca148c28e6a83d1e39a1419,0,0,0
068fb0d52d01455c96fa23659c373bf8,0,0,0
f61e709fdcf345c89bd8227f934df0ab,0,0,0
5fc8f0e230eb49eca81fdfb0398d824b,0,0,0
3b9e548b46af4410b97e1d12781ec3c9,0,0,0
ca08ebfb2da647f68db41630637e400b,0,0,0
85e7a14905bd44648061e3eb7f79cf13,0,0,0
7b1cfeb261774b58b68a0ad935b92649,0,0,0
b6aa1403703a443ab940e9502527685f,0,0,0
efcde89f131d4c51b2e9c22dd7e9a5e5,0,0,0
2cec4cf309964103bd18158a43acf343,0,0,0
ddd25dd6cdec45f1a5222ed50c061b9b,0,0,0
1096f195d3294cefa462add5ab0c342e,0,0,0
58cdf4425f984bc8bec9ed57b96feff4,0,0,0
6ba3c5669ef04b178b0a5de90249257b,0,0,0
23ad7b8dbcd14ca8a270eb37da6457cb,0,0,0
5dd7b4cf99584011ac17b25d45c6197c,0,0,0
a38a8c6dced34d8bb18fb67165c099f2,0,0,0
780f24f51de04a70bd30129c8ab9913e,0,0,0
e0b8950793b447bd8b9f916e98e849d1,0,0,0
6d10858fd25f4c06883c28694ade2c00,0,0,0
7cc5829d12e5481dbcacab686e7a3760,0,0,0
3450b3accb584493bf13be8e9554dbea,0,0,0
5948424345f541b9a570b48f1cfcf622,0,0,0
d02f87bbb0414146a7a15070110a0384,0,0,0
480e080e6a8e4450ba206a1de2880e21,0,0,0
fa0e214789e1402eb746aab609b8ae4b,0,0,0
daf1cf81c53b4e439e7e649fa9b41341,0,0,0
ba48c61ed9f74871a098165ac8586f6c,0,0,0
2199fb45c03049ca9130fa58a5e5bfa1,0,0,0
f709f983299d4ce7a7d58fadcfa2ac3e,0,0,0
d3cf1aa039f241cba7d9859cd23ec3e1,0,0,0
ef5c95eaff9c487d8ae05b2f8d0ea532,0,0,0
6e0d4449a79b4773ac025e83ffff21b1,0,0,0
b0aa89cc447b4aab98f0b50b5c76b3f8,0,0,0
