f21573f2d2f244fd9e176c94f75b063f,0,0,0
7ef912e7c11440429e9494cc71cb173f,0,0,0
6bf4c6906bc64cacb55a9dc584388d77,0,0,0
546dc7ae26744b88bac71ed62bc8351f,0,0,0
9b9d3d249dbd41a698f4b4340d82ba15,0,0,0
7137b01d7c4046d1a75d715255a7e586,0,0,0
1fe9209f0fbb40bc8b114f970bcd5379,0,0,0
0b2156c0034b43bc8b06023a4c4fe2db,0,0,0
ff666d48400744e5b1c0b0ed48217391,0,0,0
dc69d1d9957248c0a29e8044c49989e3,0,0,0
29ce3d91cc444cf69654227e2e113a16,0,0,0
77cf2d6e3ea44a8da74099e5974c3c2c,0,0,0
29ff8140bbb1418a9c66e23df8be476b,0,0,0
7e858ef0292448b799190da474801921,0,0,0
b4bc7bfcda5b4c46aee88fcbb2688fae,0,0,0
28f8f7e87c374fccbc585b3dbbc343de,0,0,0
3a20a0de02774a50b90d1b56e47409a8,0,0,0
0163f2c462ed46a08eb3dbce625c9a9d,0,0,0
708250b7e83d455a9681a0d6b6de6a18,0,0,0
411d85c5147c40b6b726160cec290b8e,0,0,0
7498fa2dbd654108a5548fe1b9c4f1cf,0,0,0
91a18e7df55144c99e0c362a2e1ad316,0,0,0
8c61c408bf3d4732b892c5d21088cd5a,0,0,0
24dedd4622f941c3b086dee7ab6f5fee,0,0,0
6b0ea01a9b26428a85e31385ce71576d,0,0,0
db1c82faa15640afa3048f71246ba621,0,0,0
0cbacff4cbff4f9e9c35cd35c989c1ab,0,0,0
1f3873c0acd04d2d9a8e9b78bf0845b2,0,0,0
f7f45009c1104301acdb2e5d77816d25,0,0,0
6d1084f4dba747cc88730abb109d1a76,0,0,0
6f3c35e438ec46f4b09a62a7e37392a7,0,0,0
ba4ae1e16d944ee19429161cdf331cad,0,0,0
d25f80a1c957466b90013367539d8751,0,0,0
3293bd45955548e9a2f17dd67b8a5e63,0,0,0
480294dc9d564c8b9e9be60153cd6fbf,0,0,0
d84053246d3e4a919e1562009d52f1c6,0,0,0
b951349f39004681bcf324d5da9eaa25,0,0,0
74ba19593c6343f8bdfffa8c062de530,0,0,0
97e2b380b56147da8ec1044227eb11d6,0,0,0
d04235af28864de198fe4238abaff938,0,0,0
3e146699b4664f1daa68bc3cc6061e55,0,0,0
07c14c5cdfc2456ebd8e1b5743df0cfd,0,0,0
1b47122c6b9a4216854c7190278f6ad3,0,0,0
57b66d78d563488f89edf84744af1caf,0,0,0
748f1839415c4d75af12d6fb742b0639,0,0,0
b33f3e2cf71b47c0b32bfdc286123cd3,0,0,0
9c631c95b3a64d9e82a3f184eb2bb451,0,0,0
ffd54f8c14fb4350b1e5ddcc7bfea136,0,0,0
1e812dcf9b0f42b18c084b046ce5f49f,0,0,0
68adef6d5c0e4ba9965de639ef994cfd,0,0,0
8c6c10daaa394125b4bdb198bc99cbad,0,0,0
cfcd3d7cceed4309a6d7d9bed555e41b,0,0,0
0cc50a72a6f045ea99f0f6e15e80e7eb,0,0,0
0e7b684784c444fe8695c3ea5cfc4bd1,0,0,0
4d70b3f12bd4440790211dc6fcd42831,0,0,0
c913025ed1e5444aaaf8de29268a58e4,0,0,0
ed39e17ee82f43988e8ede839b9358ae,0,0,0
7ad0587e953d43e2b5824a6cf80084e9,0,0,0
84509fd199884766b219dac26bdcbbc5,0,0,0
7901efbc66164868af7ce285241951a8,0,0,0
59b236a79bd648d1a01136a8061da36e,0,0,0
75b810606dae4ac5b1f1260580c70fbb,0,0,0
865e21984c724badb6eba2652a79d596,0,0,0
c313e18d8f404a86b7d80b2845334ff5,0,0,0
5e829267d55f4008be713ab979f3e0b5,0,0,0
0413b1213d00429ba2bca2ecbbcf5deb,0,0,0
7634dd7ab18648abae6bb8bb1517cefe,0,0,0
2b2cedb245cb499d8a20f4a78ab6728a,0,0,0
af73d4fc48ee4f6f95f8b66b640785a5,0,0,0
dc37327c246a47a3835ced7261b8da46,0,0,0
c79c815cde6449708acda28b7cb54d48,0,0,0
0d9c56a758d44e5da06d1515290688a6,0,0,0
cf2f173f04984b13b8cfda8010a8b52c,0,0,0
7d12c880e74b4aaca567cd3a1b2805b7,0,0,0
28ca95dee90241bbb08f080b148c9c11,0,0,0
1d44101ccb254245afdba5eef63200f6,0,0,0
bf5d29d3d97a47a8aaa1a6d0e981644c,0,0,0
65404a6cb00f4598aa943d0ed191e4dd,0,0,0
49966ac89a64437eb59e1289659aa259,0,0,0
4585d00ceeab4f41a6d709ca0e2bb8dd,0,0,0
04f36c0c4b9f47719507e59a43ff2ba5,0,0,0
d9752ebb94254008989c4f8f600afcdf,0,0,0
ec2928853f894aa7a626b0acd9558682,0,0,0
e8ac9de6a96841fb81104d60dce3947a,0,0,0
b9548561951c4fe7b8a1c0cae0f46daf,0,0,0
8ecb4a1fe88c41cb8ebb60b0bdcf1c59,0,0,0
6a3b0557f3824a6eae22a03c406a62e5,0,0,0
2b620a64437e43a187c18892ac8fc0e9,0,0,0
3ad48835147745f7bbb166693187f1a4,0,0,0
c94ae8fd8ac048f1ae95082e4eea5f5a,0,0,0
5033ba00e49f449098b6a70f0542cb98,0,0,0
f1b7ded8853a409aa171418fca73d30d,0,0,0
4b646636c2794122bf6bc8b9384ad270,0,0,0
bab3fc6b17774cf6ac3dac4c9ac670bb,0,0,0
ee5e9cb296834e2cb80028e1cc9e9fe9,0,0,0
b5de38fa174e49ccb91d7140b03a4da8,0,0,0
781b1088ec2749e488281c946fc309db,0,0,0
fb77acc4c7c14f23b22fbfe56945cbfd,0,0,0
b6c0d4f530cd484f839280dc337e7d53,0,0,0
3a04fad0c67f4d99b63b6e6f9ad56204,0,0,0
4ff02cce31004acca35c206ad99f8fbd,0,0,0
69d24e4ce1624cdaaa1ea34dba0848bb,0,0,0
1ee4777aa75549f5bb8d1c8371c72fc1,0,0,0
046f3c8f4bd946e181fed8ae5a72dc52,0,0,0
15ef51c638de46f196fdd00a805e80c4,0,0,0
7f11aa32f6004ca88b08dde1c821cfd5,0,0,0
ec1b5ed22ffb430883db75696a30061c,0,0,0
49760331a01d4d33b496b72968035e40,0,0,0
12d3b3aa982a491180d7fa0e3231f2af,0,0,0
7fcbcc0b4cd149eb8cacc9a64035dc8c,0,0,0
4ef057d0b0f84c84986cac8aaa921a76,0,0,0
8c795a963d3f46e2b830195e9a418b6f,0,0,0
05160d4d0f094a5f8c907b1e44c62877,0,0,0
fa3113b5ba774fe6872b2607ec0c9db2,0,0,0
a866ddd839824e058cbdb7c5eb326b29,0,0,0
da03259fb98d42f2a9b67f29399dc0cd,0,0,0
291e15430a244626a01d05c3d5396156,0,0,0
2cd333ec665f42ac814e6b95ae4fbda5,0,0,0
c52a26a0cbdb46129a043db2393a4f3d,0,0,0
ea53cea187734e0089778f4d20751b8b,0,0,0
1d2deed74de444e885fe9b58e0988fa2,0,0,0
02efc688bffb4e759b8cfa3cbd102e4a,0,0,0
67c9f57394cc43deaf1858048b57430e,0,0,0
c3c936c7eedd44c985bc142e5cd568b4,0,0,0
a3c8c909ed4845fab2be0d747af2cfc8,0,0,0
db37ba754a2547469cbe79753a4672bf,0,0,0
624b17d75c344a0e8122c7b0c6858dce,0,0,0
59fe136fc3e141c2b9c55378d1b39f1e,0,0,0
47987e2ccb6c45d497c7b5619d9194a0,0,0,0
53e26dd792e14d02a07314b731a1138c,0,0,0
5c2d1a16a86e4222a7239a2c9a0324c6,0,0,0
0fe870549d414f768cc3d8f76959bcad,0,0,0
973376bafe724fcc8ed715838fba05cb,0,0,0
d102703b15c04d8b9e3922869068dd60,0,0,0
813bda5bbbda4cfb9851db7f2508d4b5,0,0,0
4a791ae8936944a4b4ffc642b2a68f74,0,0,0
f0ebf1779a3e46b0b850211ab3c32daf,0,0,0
c7615036c7b745b9bcee087b395f3115,0,0,0
69bfe7e5f2ee4facbc130becf22ff496,0,0,0
d5564d85f56d487691208da5b0d22123,0,0,0
e7f453ee1079449fafa407b4e4e8e40c,0,0,0
