dfb1f5674ff1434f8e101bcd9d3cfb20,0,0,0
53633459fd384c8082d663d8968590bd,0,0,0
73c5fd2eb22f42889baee17f32774cca,0,0,0
4f554d08841b43dd839efedde670b9dd,0,0,0
662871c9f75d4bc989a916eeea41e295,0,0,0
511d804dbab24da6a91230d6162e9a3c,0,0,0
ece144083db74fd4b97d109d6c920934,0,0,0
9c8468e02b584bf496a27c11ed7f9eda,0,0,0
f66c39dfa41346939c8253266b130559,0,0,0
4e978c08440c4b12b4d989f80b22225b,0,0,0
b867ba11a0e84506aaeb257e1ef85388,0,0,0
14646d17b7ea4433b23a5562158dcb52,0,0,0
fafe970d624c498f8f362392becedf11,0,0,0
9ea4d4f72dab402a8b82585b0e4f0dda,0,0,0
e57c3ad712794b6f84b64925df90afae,0,0,0
91111c6190974b33b8fc0b6a94dcff26,0,0,0
a4a49fdb8f9b4ee396a1d66f8fb3baa9,0,0,0
54412fe5b92e49239cb028c9234aaa0c,0,0,0
711406aa1d4f4b798532cf0c77cce3d2,0,0,0
b4ddd79b58f3485990e2d304b7db988d,0,0,0
7dbc584f79f44cf586ffc70dc3f2ff2a,0,0,0
133f53368f164e1d9ec08f6f98369f1b,0,0,0
82060e76b8e743c39c7eba0fb02cb5dc,0,0,0
fe8cd80fdfd14aefb885e48408384db6,0,0,0
e39098089d1d4a72b777efcde637437b,0,0,0
f4ccaa94abf4445cb445dec358641b92,0,0,0
b545ce32aeff42ab9282887c7e50a4f7,0,0,0
23b4f824dd6a4eab8dac7282a6623257,0,0,0
d1ab0cfff0ca43c680c41e95bf65bd3e,0,0,0
17ffcca2452e4cfd9d38c7485919d9d2,0,0,0
ff647edc697b4c90b3290d9330d677db,0,0,0
98adaae2e097459da98a6bfc3cf42cc4,0,0,0
368d034f98ce4de7a03c5c31b5792680,0,0,0
507bd57009ad43a7a6ec18e16456d2f8,0,0,0
932611f1e4db4bd68f80a9dba5b3d55b,0,0,0
831ffd96332c4d9b8c603692c8fd57c2,0,0,0
758fe37a60fe444b996ff1be363708a1,0,0,0
768b72a0c6ac4aaa8295d6366f4edded,0,0,0
da17b34f8eba45ab9947ffd3e150d2ff,0,0,0
15783cee785d4630bb732f4399519e8b,0,0,0
e93071d6a4144f53aa9796e3324ed8c3,0,0,0
5e1ef15505c04411ad4e540be80b0f0b,0,0,0
de2c508124c34fb79faa373c8da2ffbe,0,0,0
02fc112c72f54dad9c127dc99ad242be,0,0,0
9783920594ec45568fec867a36eea437,0,0,0
c19387cd70bc43879a69f9c1d8ca0c8d,0,0,0
d1f4a03375d4471d8b80de83620c52e6,0,0,0
f4054160a6f445239913e0d2e20a8448,0,0,0
224642f8a0e0483eb94e594aa481c473,0,0,0
d9f270cf602b4deba2ff90fae3aed483,0,0,0
31ed82f1e3b54f87a03a9c5429740665,0,0,0
5b675b784ddb4d139292098349c8a76c,0,0,0
310b6efab43c4dc99c2b6eabaff9b675,0,0,0
eac7407311714436968c3ea1ec5f98a5,0,0,0
1dbb0638f04f486fa9226a986b243873,0,0,0
b1b145e1a343455fb1529d804e2cd36b,0,0,0
63dcba1c6ee545ffb1909bf229d0dfa9,0,0,0
6f8bd4c7663a4fa7a5c288b7f74a7915,0,0,0
d9bfec8420e341d1911b9de6ba824f0c,0,0,0
1cb182460525496b96afe41e8bb4815a,0,0,0
d1747fe99859463a8601a2ed3885aa94,0,0,0
326a10e701e5484ca3c73bf6b142ebfe,0,0,0
9dbe2b1ec9484d4da2cd10f502449c72,0,0,0
27613d374ac34b5cb912e45c1581b9f0,0,0,0
b4aae925403e4263be845fb69c44fb90,0,0,0
9d7a230cc1e643f5bb3cc0b0f3746284,0,0,0
8a992cd351534b74be6bf6053ca21ed0,0,0,0
df42352940c8404e955eafca30659120,0,0,0
dd6fb65d75ca41d2aa13e81410291aa1,0,0,0
7f4245169ad64adc86f3f3567f4b00e8,0,0,0
ae7db65ba9064f66b142bba2ec5fc5d5,0,0,0
3db5fff51a954223b9cccd87dc475ce3,0,0,0
dd251ee8bca44b64a5dd2bb6036091f5,0,0,0
f3865d531b6849f497bc9e50a5f74119,0,0,0
145632964ccd4f27af3d581c0fd52e7d,0,0,0
7f61452466834ca9b795a540df1a3c83,0,0,0
628a2cb0bb6d483cbc726c8aacd90bf4,0,0,0
e3a05e2cde9c4413ad372c30b1c50e66,0,0,0
26fa42364e8f4343893b313829a8721b,0,0,0
617741b15475497e898493e3d96153fd,0,0,0
4a508feb2f784f1094cd33c96053657b,0,0,0
3fa94e726f0c425aaba652db06f6f20b,0,0,0
0df37f2d82bd48fb963df1839e33fd32,0,0,0
e0047ba33fdb49c499dab9d25da633a8,0,0,0
a26f1480cb934ad2ba3fa36542dffaf0,0,0,0
9922aafc4ca442db9ff9aac3b0fd5b34,0,0,0
d2c0c06ce09249f9a9105fca6ba197b9,0,0,0
0de5f62cf3b0493d8151be193654a016,0,0,0
19040a53d9c6459da092ab8702a6f421,0,0,0
1bc63da6b7cf473abd0675a6b927e56b,0,0,0
7b454c245c1f4cb0887ff561e26fced4,0,0,0
f938e19896a6413da590ef3e9e055b95,0,0,0
2c6873dbf7a64181966d931c0c3d0c1e,0,0,0
585178d4731e40b1a1ad71cf27e00af5,0,0,0
fd9d4959a8824364a0a480ae33d96fa4,0,0,0
3a2ee04ca9024979af419e7f9da592ee,0,0,0
94a3a6a06fff4322a07a98f5afffcefd,0,0,0
75cc2ac383b54733b202fd94cf2a6cf5,0,0,0
96ce4a25cc054509b9aff5cf697b716c,0,0,0
674da2639d0144d795514692931fb8d3,0,0,0
e4c6ed667e8e43219364bb87076b5909,0,0,0
5603689dce1e4c95a5288c73ceca343f,0,0,0
1e1e35dc0d3f466eb842f456bd548393,0,0,0
a2d600c414544aee8f19f6a83069e3ef,0,0,0
3207774039324a9da75042712db4aed8,0,0,0
c2ff31961cd0464d9fd12ba5208ffa52,0,0,0
ed1015d3d3f84c79885ded306617eeb4,0,0,0
3bf4f616b03141f69004b618911f1261,0,0,0
4fd7ad2ab317402bbab5d08b012e98f3,0,0,0
6c6a1962787d4f429c7e0134404c5ccc,0,0,0
2a8ee08b2da64479a42fdfe5c7562079,0,0,0
4a1798eff3714f39b04522a285fe3ede,0,0,0
353e251a1e6d4b089653a705a4f4ddc3,0,0,0
8eb6e9bd39a24b6682cba36571d2fb54,0,0,0
9dfff33c1f0b46589e3cbd1def57bbde,0,0,0
7491e2abb84849aab17c063a2f4902b3,0,0,0
e20f207faf0c43fd9f6682b651aaaae2,0,0,0
6906646ef3a5423184e1d7938ba4f148,0,0,0
54bad10553c44721a9b6d5bb822e1d3f,0,0,0
3950b23f45a344fcaf115a293d591cb1,0,0,0
511c857f1f3d499cb0e944e9f2edf664,0,0,0
8c5462fa7d924d5b8ae9877ea7d3e089,0,0,0
7998913bccf443c5812520c2e24b76bc,0,0,0
9b17f6bce0cf41d9ad7eacc6dfeb73e1,0,0,0
0f5d0c2dea9b4929a9c3c37ef159b360,0,0,0
2de328d1e8954da6a4f8027a2d6092f0,0,0,0
72869a76d76841cb94df63c9891bf038,0,0,0
17f8aac81c134b039374f07333e76b2e,0,0,0
6167a976f60f4baebdd66477d83f2fd1,0,0,0
0fec8540d8224d2ea27496abea08e0d3,0,0,0
cca9001b3f1c435faca926406f5314c2,0,0,0
5b797c9f28c44c4585f07395b16ff9a5,0,0,0
b5c89126d17d47fea581e6db97107874,0,0,0
4252403213214a11a8aaf4710d70fad6,0,0,0
0bd6017fd8b6410a982c2a6775f6e9df,0,0,0
cb6d7cb920924379a292ac93e655fcfb,0,0,0
01790b2fed1640a1bbb42f04b99f298a,0,0,0
6f865c1511aa4381b7813ab8dbe71c4f,0,0,0
4e98757ce6564f3abb37ccedf18d240e,0,0,0
3a0ce4ac5ca64d70a9298c5db91a9819,0,0,0
cc7ea01bcb0b4d358b8b34625e11d843,0,0,0
19728bafee484db7bc223039b9b85e5b,0,0,0
7a7c76c10fc9473fbd7d04a66733b9bc,0,0,0
74d3b3736c6047a6a904bc68c6aa9f36,0,0,0
74dc39e3a33d49bca867e047364300e0,0,0,0
b112e4279c88446ea024fb39a53439c9,0,0,0
b41525c3c3594e60a6601783c4914e27,0,0,0
de3b8549d5784404af13fc30f4a5ddf2,0,0,0
dbdf7441393e448fab934b4a2f498517,0,0,0
8c6a1212bf9f41f190e6c0b43be35b16,0,0,0
0e27bb2cbb55402c8186e9830d21147c,0,0,0
9177fe5f923242f0b1ba16c7a058e5ac,0,0,0
21475b79d60843dd9f15e8f4a128e899,0,0,0
978ffb12f601402c894982880f8eefa6,0,0,0
a9d6e52246374e2da13d559eafe70aeb,0,0,0
ef2b67b567304849bc8724e63f2f2721,0,0,0
ab664968fa8142d9b9d5a9f03ec853df,0,0,0
e557a32bdc27490ea03fe8751e631dca,0,0,0
b95772692ede4e9aa2ce4828447e8419,0,0,0
561ddcda6a2d4a74b9dd2d42e6c8e863,0,0,0
71f815ce8c124839a2875c75d92bb1d5,0,0,0
6e2a63a762af433ba81e3eb6dfe0c73f,0,0,0
b00097db86d14f95b0d7179849fa183d,0,0,0
e3ffb659fb744d33852508489d412649,0,0,0
7ac84f4049164948b4349cec7fab2675,0,0,0
f74898f691214cd784c6af1ce5b53f6a,0,0,0
ddbfa25a4d2f4270be337edfab59ddcb,0,0,0
8b7469d12514415cada466823f2a7063,0,0,0
6d865c2bb466490f98ce4ca45ce3dd67,0,0,0
b5eb339610b9408e9c4bfe0c7bf64d13,0,0,0
bc8ddbf1b6254074842fba693e7f81d1,0,0,0
feae9e692abf42eaa8369c09c7dd97c9,0,0,0
149f4021008f4bd282b87b11d782cdf0,0,0,0
fb147ffd72b848efa087731fd61dceb0,0,0,0
75715b08ec6844b69b7444db18949855,0,0,0
665f53aa4a8f4f1bbb5de7195154d864,0,0,0
f07a5e07bf3f4e5a8f74705dc211e55a,0,0,0
79e57827894143058552acf4e69af464,0,0,0
c9dc3f6946b4459baa32204af20ba935,0,0,0
9127aae77ad348eb8fd02f7cd52a3ce5,0,0,0
5162c0936c8340239ef9d52e9d9ffc67,0,0,0
53f23896bfe34da397d986239f65b5d3,0,0,0
b8eb71f5698942739b74fff7dfd5ea32,0,0,0
72f5a95c93054a44a76b806392b36c2d,0,0,0
5d5f0e1444064e2096d63884b975d173,0,0,0
17a99656493c47abbb5ceb214af3e8ea,0,0,0
611e887f347a4bd4afbf09666ef657ac,0,0,0
7372e123d5d94035a6d77c5f77bf0ff6,0,0,0
55f496ac52624c34b6f7a83b596c0e85,0,0,0
19464a09a14b460fb627a2edbf56bee1,0,0,0
fccf31238735441097bb9b462aac34f7,0,0,0
65672d1fd8784dda8f54ea18dab04d0e,0,0,0
53a82d3ca3004b1083ffaa2f378dd0e5,0,0,0
ca9d8289f61244288b696bf832fa2713,0,0,0
a94d862351b34730bd743442fc32cdab,0,0,0
df4659517bee4f6aa48b36d05bb1972c,0,0,0
0bb8a244a78d46d99c56fb0887000e35,0,0,0
2e96ca977e674555a39c6b369e6bd3df,0,0,0
8e05a52536d6480c8b3ccea3332e8d39,0,0,0
d05413d8212a4197b708041d4dec107b,0,0,0
55b05c4aa35a45b386e4169472aeb5a9,0,0,0
9bd3272032c94c049f8d10f68490667f,0,0,0
d4fba379bcee4c53bf62282ec8aded53,0,0,0
8282f8aa72164546855a2ab00dbad3a3,0,0,0
3978074e349c44548a76c346bde34b51,0,0,0
85bd2dfb84fc44a8a34eef408ba1b259,0,0,0
cef845328ceb4a548007c3b5cfb2642f,0,0,0
6f18db4cdf70471dac7f545b9fb08163,0,0,0
95f92aee4646442280f6bd962e64641b,0,0,0
003ac44fc17f43f8b2bfb5054ea65d6d,0,0,0
505ef208c8be40f283ade476c7340f3f,0,0,0
314e186ad1ea4f80892affce5ccaa715,0,0,0
c7096f5da9c94c709477ff0d88635e14,0,0,0
6755363e00494474ad8dd253f955abad,0,0,0
4faab9d5f15a40fa8620efc0ad9e9db2,0,0,0
7d9f62b0ada94d868fc96359b86d4a82,0,0,0
93560cb960a34d2bbf43d45a18bbd62b,0,0,0
6c76d43a72e14b71956c5444d32e129d,0,0,0
128ef9515288432b8d4d0d259fe4060d,0,0,0
8630d0d97d4c4767b37488dfbe97f51b,0,0,0
8fab97869cf5427d94ea2bc3c04d2856,0,0,0
d70f2efc18f34b57a642332228e899d7,0,0,0
222996ba85c34c3f99b4a25c15adbf4f,0,0,0
24eb05f4d57c488aba8a8af9abbdb373,0,0,0
44258be9bf664fccb0e728d319ce2638,0,0,0
55a1194b27c841fabf0160eb2eab93a5,0,0,0
5ae7f77201964f5386990b3ce719df94,0,0,0
bff9c16c112048898cedad2b5d3cbe32,0,0,0
2fa5fb7c113d4feeb8ddc570330d2890,0,0,0
195363061eff49f186edea6167f4c993,0,0,0
81259373b5f748a18863513b926d2c0a,0,0,0
89c7f892dc2e412a953ab16548c541b4,0,0,0
b2f83db410a044e0aa9ee7c46fad25e3,0,0,0
e669d53f0aae49b3b17a20fcd51e54fe,0,0,0
5d3b7a8d35254640b09f3825fd5630b2,0,0,0
795af89129d44ba9a2513be917aa2e75,0,0,0
bf5ac8319e8d48568b82d9f36a064969,0,0,0
b5f0bae656ce405ab4dff8bcc5b6c26a,0,0,0
6edda21eaa354acdb984e81a26acd733,0,0,0
6d36fd2333924cf7a8157c5380b7645b,0,0,0
c8eb2af4b3ac45dc8dbdd709e8030426,0,0,0
144f0c921b1b4211a2b593a095a76b5a,0,0,0
a3e8df8c66f14855815c39cb50282e07,0,0,0
23d94c8b4d1a4e30aa909349e2f777ae,0,0,0
0331b320ae1f41d0b42fdf0100e56bd2,0,0,0
51d93d4c184f4197bd84f9b082b54e2b,0,0,0
b655dd2cf3c3477abf9d8def4867f09e,0,0,0
697500b5e2f84c7a9884dd4388e26263,0,0,0
b1eb72881a38479a9e5ea4dac5b415f6,0,0,0
0ff26224c3f04c3a924aa1982fa13976,0,0,0
ffeb70b1d3984c4699d5b9dd97bd9cde,0,0,0
b526e0affbc140ef9124275daa770f89,0,0,0
24360576a503468b92c6bbb1451e832f,0,0,0
48ee6148c9af448faf7c3839ed5ad1d7,0,0,0
905ce9bd3b84466b9da061b4cb46e629,0,0,0
dcbb02cfd24743a8add9e8d221b24084,0,0,0
497341f6deb9491d8069654da6166366,0,0,0
05750907d34f40598b0ecf465c089c04,0,0,0
c7c12a431655490198f83edfa2ba64ae,0,0,0
95906009592d4f8eadc55e48507593be,0,0,0
05fa57d3b9a74a358b4de16920e5291c,0,0,0
b97390fe8c0a4d6d8adb523def8c77f5,0,0,0
50529218991d46c8ba8f6acbc0732ceb,0,0,0
469e22bad2de4a2993da71bce2db2707,0,0,0
81fbf84311b34c679917c3712d163618,0,0,0
b01bbddd12ee462abc14ce13d62be35b,0,0,0
ea1f533ab27d434e8665b0be2d5634e6,0,0,0
372772e3bfcb4cec94a25ed6b28981cf,0,0,0
f90f7e3981ac4510906239ff3422c9e8,0,0,0
87649a1903e348d596618acdc412b644,0,0,0
fc7baf0c8ef44b29bd875a726273af7a,0,0,0
ac2d6320e3514675869c50d367fb8575,0,0,0
6f616e80892645bd9030aff59f9c36ba,0,0,0
f40ae796663b46ba8fe48392eada6053,0,0,0
72e6cca2e95c43ee988d422ff7247844,0,0,0
1d1d8cad4ab84fd99208019d77bda55e,0,0,0
62580c9256eb4272b118d3e0ea4e13aa,0,0,0
5bb6a347aea44050b8aa3c0debe93dfc,0,0,0
ea12dd63895345369d80a91aacb6e137,0,0,0
06b79e44868e4d16bc75d2645b3bbba9,0,0,0
e004abe1362144c08cbbf2ff4dd08eff,0,0,0
436cddf947a24e72834c4b8d18a138ca,0,0,0
57fba128d2f042f7a59793c665a3f587,0,0,0
530469cd7a1949f98fc2ff465b67a201,0,0,0
ce117fb11ae8486dbc4c9d47a0cd829d,0,0,0
db188148a66d44f8bd85114fd88bf028,0,0,0
c2750dd86e7642caaaf189f59f82b843,0,0,0
8e7d323375344d50974984333252a3a1,0,0,0
5ff2309e75414df998435045bcb8c2ed,0,0,0
