163d61ac7edb43fb958c5d9e69ae11ad,0,0,0
3a457e1e32504249a561c9d259e0835a,0,0,0
1eae38cbbaf744f99de90c99d8c013f1,0,0,0
49b4f59afc74417d846ad8cf1634e3d8,0,0,0
fcbd96fa9e054e8298ab129371fa5c00,0,0,0
a1e9eb0276cb4b0e8c568d7b8a9127ee,0,0,0
7d887c096fa64a81a02723f8c283ca16,0,0,0
4cf4c84ed4ae48b2b4076fb0e742d5f1,0,0,0
5aef41e3b2994baa813ed2450f7b17c7,0,0,0
3ecb492d5019411785bab293ff4f74ee,0,0,0
aff833f86ff847a7bcf24bea207c91ad,0,0,0
f7ef3082a05c40659421f0a21731ae1b,0,0,0
6c34dde402304953a9416e2781de607f,0,0,0
54c9298c439a4e64bc983020e4211592,0,0,0
55f38bb2e60d46f49803ff9fc3911b28,0,0,0
fec0a4503f7d4cee8f491934eff0d498,0,0,0
8919ba4762914e899c88536f11c7bb92,0,0,0
76ba074e4b7a46feb3d829302db3bd2e,0,0,0
807061c8c1b04aff9ef4dec6c7f1323e,0,0,0
ee260af3263a4eccb2922c2dcf1b4606,0,0,0
176424bc97d94b12a52aefbdfb8c00d9,0,0,0
7efbe13d514b4797b540aecffe79aa03,0,0,0
64fdd371adc042558d30fa9bd00a00f5,0,0,0
4ed46372db6849e28e1ed9ada35efeac,0,0,0
dbce7eccf4a140338da926d313e07b5c,0,0,0
810702d87ddc4964a583f8b7a3b9c43c,0,0,0
cf7c2bd80f934238aede140bb9bd1284,0,0,0
7cdc2565c773401289b95360da22e017,0,0,0
a8ae1f18502e4a6aa301af029f976f5f,0,0,0
e28810ab6e9745f89e3b124320caf5a8,0,0,0
8e63389afc02448a9d0dd695bc50253a,0,0,0
fed8aaa68c9b43a3b83770b4bd2324ed,0,0,0
a55dab7d921b47d59b1391d69fa7e464,0,0,0
7d1e000e54d942168b24155d12cd265b,0,0,0
df9d294a3f8849f6ab267f658847f700,0,0,0
4e796cd1c4594f9fb07bf8b48edf2dc2,0,0,0
cc896d0984cc4661bff9087a0df6967c,0,0,0
5a72c23b99fa40f1bcd9dfbb60340b05,0,0,0
eb8781b9756346c9b97ae6d5e43b6d13,0,0,0
1407cf2da95e4f73951798295db82ab6,0,0,0
42524ad2f3f44645a1dc3bd8486560cf,0,0,0
efa99d80f5024c999633851f5875c6c7,0,0,0
57e88eaa7e2f49258f247aa79bd2368c,0,0,0
c3b8b8e1f0994859869b42fb760fce9f,0,0,0
63c6a6491f9d4825a696fbe778a2d6f9,0,0,0
55e5280eea474acfb993bf68a193bb25,0,0,0
834865d0e74042d38b796ded2488d64c,0,0,0
5cd8a7aa73d841a4b540b19cf91de719,0,0,0
817aaa8a1f7b4d93b4e3c4f765cf46aa,0,0,0
31ae672c4fda4ce29add4798d07ce3b1,0,0,0
1239dba1b6234964b420a56d82d79d7a,0,0,0
2f3e7d98347047829630f0114694a532,0,0,0
cce150ca22c249d2918ac9d0ee8689e6,0,0,0
5e08b4f21d6342538a9a6361d4cbd1d6,0,0,0
6d51167d46ea4b47b9c7e9afb12ed459,0,0,0
463e439a4e974a00b23bfe7c684a2607,0,0,0
5e102e6df0e544578c407d3b4373f737,0,0,0
54e13e385fac4638b050f5c73095ecdb,0,0,0
159bf39081724055a73e686a6577096b,0,0,0
9dfb6ed5ed7b47b199d8aa7e5b34727a,0,0,0
6043285f84fe401d97d017c42b426fd6,0,0,0
18ea875fed1b4dc99363420c08cb4300,0,0,0
f6cbc0517fc14f129f5456e59dc66c76,0,0,0
6cc97300dcd2469c82449756fef5cffd,0,0,0
b12981cba2ba4525b377ef503d92b843,0,0,0
f6af6b4247ea4353b90f8bce6e05f58a,0,0,0
dbec0f4e228c44cda1f991905404541c,0,0,0
8f183f5d34d544e5a4d04bc8f28f10e8,0,0,0
67dd134230034fc18ab8c30abd9af183,0,0,0
a6c8016b0fa94ebaa51c2808c6fec8ba,0,0,0
7f6caa8939ec48be91f7404a9ff10624,0,0,0
a7fef2bee6444714acf0476fe84f9000,0,0,0
c3c0a1a738a749a7a986d64c872b7671,0,0,0
92c89626241c4fbbb9294eb7db7f9da0,0,0,0
d0df0bc30e9a4f13a6fdbebb9cdd1964,0,0,0
4f07d9e99e084876b0765220888d2545,0,0,0
6a3fba49106e4a9fb40cd0bf47dd4d46,0,0,0
7c9717fb9297481bad3a5cc351f4fddf,0,0,0
5b2558e404d84e7dbbcb649f9ac93c89,0,0,0
12a0b0641a9a4794bb49bbcf13cea981,0,0,0
20f6b7fcb5254024aacdd907da2eb315,0,0,0
29f8bc9c86e94a3692ec50fbad2e7204,0,0,0
73f8049b6198422aa5f2edfc71fe423b,0,0,0
0f42320ef887416fb8ed9b91b6641cfc,0,0,0
148a81e548314c67b6f5f226601a27de,0,0,0
deb99671679648e28ccf7d622051ab46,0,0,0
0d3a3b42009441e2a02200423049d804,0,0,0
dd735554f3c94e0bb22097e78d0209e8,0,0,0
71859791901b45939806508a364adf17,0,0,0
a3b6871652f240f583142a78463d5665,0,0,0
7e1850bf73f24a7f9ab824a82143e1b6,0,0,0
33f72d3f5ada42d09785a13fe1ff804f,0,0,0
f4d601b86e624ad2a8d77280f36c7872,0,0,0
416df61743e24e828609f0698df3f51b,0,0,0
138030a069484c288b3b77f8a7cbd7be,0,0,0
