05d37cec6533438e825625592537ea21,0,0,0
61f2152353d94af48f8844f9faa60ea7,0,0,0
5f0f99f48a244226aace3c060c211308,0,0,0
487edda074544e32a01a0f8d1fbbff02,0,0,0
8a9d216821a04687b0a1477ab1b1bf5a,0,0,0
e136246723294f7094f3038e6e7b0360,0,0,0
74b98484805f4ce6902f7001915b80bf,0,0,0
bc13627aa65040738b1d971e11162023,0,0,0
2df15700dc074bffade9d3527cda852f,0,0,0
e844a14235aa4befbb3fad6e54e8715c,0,0,0
8679745ae3664caaa179ae3f77fac576,0,0,0
9c35890a2f474649800a33d89df96b84,0,0,0
22ada32fdb2d40e78406cb0f9cff149b,0,0,0
93537c1826904116b02ed6019b20c57d,0,0,0
c24c16e17de043e18fbf36387b929117,0,0,0
db6b51d7a53940ddbe44a55d4ba067d7,0,0,0
8f9fb18bd1f14a2792f90646ae861c79,0,0,0
b764ec949d984ac081ab4d3d1a27ade0,0,0,0
39c8f7a90d6941a98bbd9e3eaafece54,0,0,0
0387739d97b34c12bb30593672a0b4ef,0,0,0
acc732f04bdf4a999c5f7d859d422499,0,0,0
04d33e2bf9e543ff8a37c980d4b01249,0,0,0
09319257828f47e6828352078f34d855,0,0,0
3808d8eb951a48de9766994286c4b6e8,0,0,0
a001f94d840e4acf869b3a1f3c3774f6,0,0,0
c7095dfd572446d48c02d4411e685a0a,0,0,0
e7e1ff6b2eb94439ad08cc471ec70ca3,0,0,0
aee492b9d8e6405d91bd8f79ad3563ef,0,0,0
ea67416e45b14671a358cf54260bdefa,0,0,0
eee6310e65c6497dbbab85c9cf04f651,0,0,0
37c2223d40cb4aedb1563e5e0c3a53e1,0,0,0
f9406bcd147d4263bba879c80cd42270,0,0,0
cd3c22b0bd924532a22f9463acc7c2e9,0,0,0
8252702be8204720a27606fd0a841400,0,0,0
432b3b9f281243a1bed28ff4877bc7e7,0,0,0
33aaa553587c41fbb213c8f321eab8b2,0,0,0
09b9ff88a2234a1785dac5904cda6b8b,0,0,0
91fed30ccfab4e478b28bdf4a37e0d17,0,0,0
32a911fcdc5d4ca5ba1f411d1fd7029b,0,0,0
05c5f3286f8a433ba542fa13ab0a8c7b,0,0,0
6d94478084d24d04bb3e293f3ac5cf52,0,0,0
51412286485843d08874480f524def15,0,0,0
f719c2037d3e4b70b30aa2f9e4f87320,0,0,0
3cb21431e96640aea17cddff913068f6,0,0,0
c1073fa8cc0f4caeadc3e56e17cd95c4,0,0,0
181482379f144d5aa2cf726000d5adc8,0,0,0
847b1be0f7fc42f2b4c4452cea609ba6,0,0,0
c34cace66c724cefa6c2895f700536df,0,0,0
ca2a1110dcfa4449a6cd735d6cfb9402,0,0,0
415d73ed2c93440cbc9588aef5fdecae,0,0,0
515d07d6153747d9b233ba0590ce439c,0,0,0
d6bccad7baed48caa7c559073ed8b3ad,0,0,0
cc34c957ae1c4494a8302f21dfcc60bb,0,0,0
acc58a31d0f14934a0bfd2a518e0f298,0,0,0
b7fbdde38f6647439044e933735ea5ed,0,0,0
f147041c6eeb4063b987ffc43212092c,0,0,0
0b6c60c10c814dc2b38af7496648f004,0,0,0
782da181b84741359dfbf275099c7ea8,0,0,0
5e17651ac58247ed9654db04c9187c77,0,0,0
b419f6ecc3f24120afbb65d25efcb444,0,0,0
592f416d9a69452583fecb8183b21941,0,0,0
24a2b84f0be245c9a9748fba7a52ae35,0,0,0
0a5981f9cf1d48409288217af3430a5a,0,0,0
9276bfafa56642d4a12d246e9233277f,0,0,0
6cfa2947300c43b8bdd841ff809f92cc,0,0,0
e5e480c51441441eac6f327e5389dd33,0,0,0
56783c12f5104ec8b2e6debdddc710be,0,0,0
a475d54e18664630b19f47575a874cf4,0,0,0
e2918fb638e54334b3397bf58f35e27e,0,0,0
fe82e066b87346359d43ccc326936eb2,0,0,0
e61937404fc14c0a944eecb66d863761,0,0,0
7478c47d6145458d80f89cee31d70fdf,0,0,0
ecb5660adcfb4e90a12c5fd3f72031a7,0,0,0
b8cbc8b748d3423c83f4b2433fb372ff,0,0,0
91b191a2efb1441dafa40cabb3c91b37,0,0,0
85257e0d1f834f3ea8c699b78c80776a,0,0,0
0d8de53715184be9a71bdeab1fca5cdd,0,0,0
2cd74c32749a45f5a81ebcd9d2f4c4c7,0,0,0
63ff5c9f4f65409db5904ac3ddf5fb76,0,0,0
7a0c00e7d0854088a292c38eb9c46ff6,0,0,0
a8fdaa0e5d5b4588b3fc15e7194227a3,0,0,0
fa256e169caa4ce1acf76708d0db4713,0,0,0
2d65aebdc4064e2baaef30bc6cee9568,0,0,0
6935e8604f394584bbe22460e5b41b14,0,0,0
cd2f3a1a606346c1980d4b27004f05cf,0,0,0
f33dc13affb54cee9e5a409a9d562fba,0,0,0
b2f2e0367c764b9b8b236ff6fe73f19c,0,0,0
ccc7d6b756d74188b10a989d2f057f6a,0,0,0
8a6b9f008a624a44a911afbdfdff3480,0,0,0
972a6c55f1fd40ff8f32fab7fe82f5e7,0,0,0
b4f2a9c0410e493eb66b0e122036b5d3,0,0,0
7ee437db8a914c6d8ce7555b3ce6aae4,0,0,0
9a09b7dde3654f03bdb08205247369be,0,0,0
328ef7c3d2ed4da7a2e2af2f27735c10,0,0,0
a6a148715bd64fcf93f6c9d911d1e2f7,0,0,0
06cce75e286e46a59d44615b4936d9df,0,0,0
ccad3359dc884acb802b118b6f200c1b,0,0,0
097a649b9c5a44989c50cb43eddbc857,0,0,0
58c1ee4403b241b384060e71d2cf0256,0,0,0
66031d203fc74aacbcf3f1872d4067ea,0,0,0
1cae8cb0d87e4c2694aabe3b9cecd0f9,0,0,0
d2a3cf036ad24a839c6403c65a777e67,0,0,0
77fc88eccee24c31951b381ed826e09c,0,0,0
b6bfed9c855f4d67a0ece0a83fc4ef67,0,0,0
c897acc78a8e4555b14b85fc32d41f3e,0,0,0
2cbaf4f02498406188e24645efff69c1,0,0,0
086131ac6b3f44a1a97aa3467348308e,0,0,0
446c699d85384234bff3b071a540144d,0,0,0
61a91234ec4e4083b03a6114ddd3ce21,0,0,0
9e594d4805b94a40a8dec94fc0a1cd06,0,0,0
e640ea06e612471d9dc0782d42ca6f52,0,0,0
50d87f990a7046e7922709e3534f906d,0,0,0
e28465d6ef394d3f8a0c02650d36a0aa,0,0,0
2b94e839f10648ca8721a0c8c6da121b,0,0,0
8499e1c9e96e4db09afdc9a4bb94cd13,0,0,0
4dc731735b684b21848d5528a85319a7,0,0,0
93fe1a684bbc435681d26973f4e8ae1c,0,0,0
957bffe855234c8798d83ea1f5002456,0,0,0
266243aecc764af0acd58b65ef0e5f7f,0,0,0
15dee203cd804c2f998b8dbbc55d6f98,0,0,0
07893000ccca4adbbb2f6b11368d8454,0,0,0
6a552fe5ac3943989afe912054c54c49,0,0,0
19ce58d7d1694f89a647999990fb663f,0,0,0
7bfd840693034959a2dffb2625026980,0,0,0
81f93f72fde54fc0ad3ddaca15845a9f,0,0,0
2a3fd29ff11348719ff3f94d0f3eca6c,0,0,0
af3558ced75c4b8a881477ffe7ad8a04,0,0,0
91335d5f98b6406e95416adc396c26df,0,0,0
1335c94eec084dce9ab653c8d12aaf4a,0,0,0
bf02cd447d2242599687947797a177fa,0,0,0
38a78b661dee47d9a7a59bb15b9fd27d,0,0,0
b7dd551438384d4da9530d3815d3aa90,0,0,0
833cde4efe134469852ef36cd6205711,0,0,0
7022a22f8b694102a795919fce934e03,0,0,0
956772cf7d5b42109dbd14c3e0d9ee22,0,0,0
929158cc8c424c099a601a36e0fc2270,0,0,0
5d81e8f44f58477d880be9bde5ce543d,0,0,0
b18be3157a6f4b9c8df154f8f310099d,0,0,0
e53e60f82e70459db4fd37f4923f1731,0,0,0
ef1d1f1bcbb84b0b8242a4c7cef97909,0,0,0
6bc8218b16874a248b9a1d6f164f2e52,0,0,0
9c9e6b39325f419c993b20f197873ab2,0,0,0
5923f6d03fd04d8e8c8d7a9ac4be821a,0,0,0
78b83038198b4eb3afcc70268f86e9d2,0,0,0
de39d04000ec4298a1d37e84eec6ea8d,0,0,0
e428c761024a458e8b052494cf6249f5,0,0,0
5bd5ce99cf8c416caf190af25f70ca77,0,0,0
d2040fe496a245c3bae20b84ce63083a,0,0,0
e5d017675d6841079c688ed1fd2b61b6,0,0,0
1a3116dfd5b24accafbed175eeb376d9,0,0,0
c5b146b826fc46d69da39ad1fea9cffe,0,0,0
95fd55df065d425fbdf927753a4362ee,0,0,0
470d9a66144e43b4b686b6735e782e3b,0,0,0
303468f25f254a04ba109f567acb4340,0,0,0
5db082b21b5e4cee81ecad606beac444,0,0,0
69927c24eb2c4e6985023be5a0f5ddda,0,0,0
6a5926e814994b8ea018963b8d020eee,0,0,0
c32b70bb02ec4f35ad1c76599ad6178e,0,0,0
fff5e96c0ba6429f86d5d8b3a74df5e2,0,0,0
2ceda1b045884d2ab366b65d31b9dfff,0,0,0
cec1d764c63f45a59c5792b47fbf501f,0,0,0
596c721baa6545aba7d244e239d48972,0,0,0
b9439690f831487192bf4e0c82cea15a,0,0,0
399143f7459a4976a621eef31ac69961,0,0,0
f15f64b72f0446b29f89eed1588e77a3,0,0,0
50af05930bc74cc289e56753369e4161,0,0,0
22c3cd83edaa4600b770a340a7ffc7d0,0,0,0
9f2d7d4cf73445ed803394ce8cf12e4c,0,0,0
c9783668a5784d83bdafb4003b81e7fa,0,0,0
ca048420b46b4994af7aca4cba7015e7,0,0,0
0b16234363974ebbb3089acf4f09d9be,0,0,0
6ed85dd5e7cc4aef81d4ef167ff26eca,0,0,0
0e0ff0bd5ce4493d96b55542297f494b,0,0,0
60fe7361ef4a4812ab3e851f29b8a0d6,0,0,0
1ad107b681c74b719dc46abbe561c7b6,0,0,0
88d2f09568ae435c8bf12bf00880f123,0,0,0
c8d856118813486e9c9b263afb5b38a7,0,0,0
3bf9e45e12a04639a78738bb2fd31dc9,0,0,0
410ec890d2514ed39248e9204f785ab8,0,0,0
0f57b286bcc44b888113d6d4f6c05d15,0,0,0
66b44573b30f4fa399a17fdb42c6ac56,0,0,0
cd8460c3c9834ea0a1f61611f39d24a4,0,0,0
ddf4309aa8014d47b566d5221beac723,0,0,0
2a9b5603424f4edc9c819df1884b0858,0,0,0
a9e7a38729004747a030100365a44747,0,0,0
25a7d382b0ce48958b4d6f168897eb68,0,0,0
20247bd5061d41838566259f995f9808,0,0,0
201bcdac368b430a84bdcd304ba52f76,0,0,0
0ed0d93b000d491585d3b8f8e6898d7c,0,0,0
