c9e8dc09263e4d0da77d16de0ecddd39,0,0,0
286b0c2d9a46408ba80b6ccebb21e582,0,0,0
6776097c17ed4b93aee61704eb32f06c,0,0,0
8c7e8da7d4a44ab695e6b3195eac0cf1,0,0,0
f33c718aaf2c41469389a87944442c62,0,0,0
fcd90a404061413385286bef9662630e,0,0,0
c07d4ae8330542a09cf8f8dddb9728ce,0,0,0
2393bffb53fe4205bcc67796c6fb76e3,0,0,0
71bf74df73cd4e24a191ef4f2338ca22,0,0,0
be8a2edacab34ec8887ba6a7b1e4945f,0,0,0
9bdde31adaa1443bb206b09bfa3c474c,0,0,0
66d4adb61b57494aa2c1ad141a0fad9b,0,0,0
83ff709c0e3e46079836153ea5c7feac,0,0,0
d9e325df2f3948679c78b93d8025e2da,0,0,0
423efb97f77f4e7995f19c66fe82afbc,0,0,0
6c49579a5cd34df8acb7f790b74e9eae,0,0,0
aeed67040d744240b188f66f17d87d43,0,0,0
aae01016bb354f78bd6db86e9d71af2b,0,0,0
346b680ac5904359a1859c929ad312b6,0,0,0
ae91518ed77047b3bdeeca864cd04029,0,0,0
