187589bb7d4644f2943079fb949c0be9,0,0,0
9d0091e93633403c910577b4221e353c,0,0,0
e5bfa9c293cd44e1b14953500462dd72,0,0,0
d962509cdba64e6ca76a6228582eb901,0,0,0
e10d6b636ed94caa87771f92b1251868,0,0,0
7a663a2787474bc2b09a4e8b21325141,0,0,0
2816e163791e4878804d6b7476b9dddd,0,0,0
3c8c9d438bdd4ebaad5a0d0e93a43c0f,0,0,0
3adc93014dad46b6879d8d7b6922f02c,0,0,0
a3fe827d49db4f7caa076c313434d418,0,0,0
cc25797eeb974e54ae3f1fc30e0d19ef,0,0,0
0993008242df4171b26c1bf92ff5e845,0,0,0
6c15ae9a3fc24613b9fcedb3da80aee5,0,0,0
483b844778c545d899860802e9c5c9d5,0,0,0
ec43700aa7b34d48a20f6cdd45dc6a55,0,0,0
87f68627d919449995ed93f6ae72e6ab,0,0,0
1e649cc84c9043b69e2367b7d5aeecf2,0,0,0
03a8325e3b054e3fad7e1e7091f9d283,0,0,0
3eb5c4d7ad9a4805b0470cf5f9e3b17c,0,0,0
7ce4382def52411ba706d50d2377447b,0,0,0
3678af49806f4220b821c23d4ec3d33b,0,0,0
8d0cc65b2a484591a97b9a8282809f50,0,0,0
d7ec37565be24b1ca1d4f99c34fc1632,0,0,0
fc94c2a0445640028200b2f96e1fe90c,0,0,0
9092fc23426942e1a94b66181a3d0fc7,0,0,0
2b4fc2765e164775bb82e0aaf1d0d65d,0,0,0
3b2ba223f6a445a6bf4561f1853e83c1,0,0,0
c6a181682e8f4c55b27287031ed7ddcd,0,0,0
a55a46bc13e743ca8626a97ac056b8f3,0,0,0
9f604c054f8f4a0da5778d3c0b36575d,0,0,0
45af9f44b1d041159dd1ded3c28e8457,0,0,0
74bbacaafe014759bb9a6cc694d72516,0,0,0
571d716b0cdd430d99c63474c34f0c9c,0,0,0
a6ce5d580416478b847a83a2c537a637,0,0,0
b8196686626248beb76ea7c31e6e44e2,0,0,0
0927e4d3dc3e4c8590fd3f7dc512a130,0,0,0
8e1fa462cea64696aa723bbfbdb1b21e,0,0,0
dba514ffecec43bdb0a247cd898d224b,0,0,0
ca38c3e0cbcf4a4992d79889e5793cb7,0,0,0
c3fe2f1211cf4bce8458006b7f174010,0,0,0
e0f025c0baa94beba57ea499e3d846c5,0,0,0
356a6494c8034d6d845f0bba28b8effb,0,0,0
541ab4e8ff1f4bc8bf20775a1fb38872,0,0,0
751a95287d8e487eac608776f5e3a546,0,0,0
0b302846f0994ec9851862b1d317d7f2,0,0,0
0f7e0af0cb3b4c2abf62bba2fd955702,0,0,0
9a10d725e7334967a8ca89b2a61c446e,0,0,0
9167f8d20b954ccf97b09d33762cf4d5,0,0,0
36127c5e30e644799c0f1a1ecd4381ca,0,0,0
c7b097de55f242fa8bdd795d3945637d,0,0,0
95e9e714db234174b904782f1256c3f9,0,0,0
6c58b3d5819e4ca8b896f81230477c7e,0,0,0
76c9116d417849c6be0f37a8b353e0d8,0,0,0
95064dc2001c4f64b0ccc9ab9702e35e,0,0,0
5908a457f37a470aa0e8cd389f31d438,0,0,0
14a8edbbe4b14a05b1b5782a884fb6bf,0,0,0
ef2bbeeb20aa4059bc79a9c3b7a45a1f,0,0,0
f3d9a22621e14992b8b3fb9776f0395b,0,0,0
74d5b2290be74a1ba052b6fe2320e064,0,0,0
e60f96413bf448889377affdd919ba35,0,0,0
5c297f8154ee4807bbd7dea5e4e6eb21,0,0,0
e5c5d8fa1ad94d97bcdb74e69e938ea0,0,0,0
04e0d7506a0849009fabf4c10fa74a40,0,0,0
ae407deab28949e8b8daede6749be158,0,0,0
6ab39d830183407cb7ec17206889000d,0,0,0
68f75a181e364970b3f1cf783c0380fa,0,0,0
50476a17346a4879906f81b47b9418de,0,0,0
b72841257cae4f829f8a68c30175ff07,0,0,0
30cf3312b4f647b8bf50970f2b894aac,0,0,0
707a59ada1bc4b4f90638ddfa809ebd5,0,0,0
3264da900f47425c8c062f909db9abe0,0,0,0
c687ee4d80bc453d905d501b347675b8,0,0,0
4b77e304d83943999198c3cd4457512c,0,0,0
60668601cee245e5bb27a12d0b022918,0,0,0
fc4462fb87874bc8b6d77e45806168df,0,0,0
b0299947a912497ba3e1c8f80181f408,0,0,0
649a58719cd7455ebe18675c9719dfa7,0,0,0
e3de486699144933aada2e59873d5984,0,0,0
cd4f7bb78a8b469bac6deaea84e6f68c,0,0,0
c5f2bf41ad33497a925bead423cbfb19,0,0,0
0f1ba9e425a0452eade2a180cfa41e32,0,0,0
99fa48d974fa43988f369b0e5766b36e,0,0,0
c3b46ef0552142a6b62a45cd30f26de8,0,0,0
a872e012dec3414a8624f6ebda4b752c,0,0,0
80f652ffcdfa47ada388a00233624799,0,0,0
7d01dee740ef4288b111dc65f449ca22,0,0,0
15791b161c944d269ae3727bf19fc1a6,0,0,0
126fdbcf213d4d5d95674ccba62fc72b,0,0,0
59d2f40b1fbf4784b2b661f05a439fad,0,0,0
c1b7a383f8474e7d951ebea82bb82818,0,0,0
40eda297975f4648bbc301ff98940fcf,0,0,0
d8ce438c0ca246748186b48d3ac3eb50,0,0,0
1144d00a8ebd417f8a0de419ea12c1e5,0,0,0
980150b99a2946a0894c33df8fb616d2,0,0,0
de87c39b7dd046bda1f0819c53670338,0,0,0
e611700e04a24c3dabb73b0b000e5589,0,0,0
3aba2bf1310e4a10918e4a5bc51d1979,0,0,0
d83a8f5db61b4b78afc1c1d855b4c8b9,0,0,0
6ecf3c792e5c48b4921e21fbb3aeff3c,0,0,0
3bbffb39570649958d7147a0099ccb48,0,0,0
f0307e707d50446097021ce802f44a4e,0,0,0
8c973e0dd63e490db73c44ff6959854b,0,0,0
b0d9ca4f89d64be18df9a3b01cd82f4b,0,0,0
4ac64d15d707442fb420caf68131d7d6,0,0,0
91b54e8895bf4d63922b5ef7ea839d4c,0,0,0
7b99fad7a2b243dea6b50dc65d03fbc7,0,0,0
ef277969af8e477495075389c3e06da6,0,0,0
3107120d425e424dacedb73bf44e9094,0,0,0
d2a0481db3044dfbac40244bdbf9f9e1,0,0,0
ddb93f6063d54365bc6e8c751fd2e698,0,0,0
4cac488dae6a442289ce32fd0b6a42fe,0,0,0
3ffabcbad5894c6e8f03f54453a1e2e9,0,0,0
0b22fa63d0f54a529c525afbf2e8bb25,0,0,0
67d9b711455f43db8e5270016d4bd873,0,0,0
c238ad68f9b443a5b3fc41a4a561363f,0,0,0
75bea3b92c924203951655b393e92979,0,0,0
a991b11e3a524fab95a7a98c3ac18ee4,0,0,0
64565f72062245da87430cc31dd383d9,0,0,0
8c6c60e241e34c0685171c4f55322940,0,0,0
2754c89e3b2645d598ace5d7878f5d13,0,0,0
425e120b2d7742b1a8f0902355908761,0,0,0
e8e2d73795e54b6db89cd32745e79fb9,0,0,0
8072791758d146aba5ff98920a81fa0c,0,0,0
24df7bedfc814d7e9bd610171c862f7a,0,0,0
de68d1221d1749b392aff06c48512cf0,0,0,0
e345211511824219a62f1b8d639c477e,0,0,0
5f93b8e5cfe24367a5a1a999d215a78b,0,0,0
297c3ab529204fafb3ddf80e6efeec7f,0,0,0
b42bdeacac9d4e8d9ac4bd4500a82a51,0,0,0
d5839b78130944da925af878f4e64970,0,0,0
ad2772104c144a579f0a43503cb4c86b,0,0,0
